/		CG-6 Survey
/		Survey Name:	GRAV_SURV_24
/		Instrument Serial Number:	000000019030158
/		Created:	2024-05-27 01:20:23
/
/		CG-6 Calibration
/		Operator:	GSD
/		Gcal1 [mGal]:	8423.936000
/		Goff [ADU]:	-8388608.000000
/		Gref [mGal]:	0.0000
/		X Scale [arc-sec/ADU]:	0.030966
/		Y Scale [arc-sec/ADU]:	0.030989
/		X Offset [ADU]:	-36679.070000
/		Y Offset [ADU]:	-41239.990000
/		Temperature Coefficient [mGal/mK]:	-0.134600
/		Temperature Scale [mK/ADU]:	-0.000111
/		Drift Rate [mGal/day]:	0.000774
/		Drift Zero Time:	2019-05-09 10:59:22
/		Firmware Version:	CG6_2_20230324
/
/Station	Date	Time	CorrGrav	Line	StdDev	StdErr	RawGrav	X	Y	SensorTemp	TideCorr	TiltCorr	TempCorr	DriftCorr	MeasurDur	InstrHeight	LatUser	LonUser	ElevUser	LatGPS	LonGPS	ElevGPS	Corrections[drift-temp-na-tide-tilt]
AGB96	2024-05-26	01:59:25	2513.6059	0	0.0765	0.0099	2514.8539	-0.3	-6.7	1.8100	-0.0661	0.0006	0.2446	-1.4271	60	0.161	27.685354	85.340614	1279.90	27.685677	85.340286	1278.0	11011
AGB96	2024-05-26	02:00:25	2513.6068	0	0.0964	0.0125	2514.8548	-0.4	-7.9	1.8121	-0.0656	0.0007	0.2440	-1.4271	60	0.161	27.685354	85.340614	1279.90	27.685535	85.340324	1280.2	11011
AGB96	2024-05-26	02:01:25	2513.6061	0	0.0824	0.0106	2514.8552	0.1	-7.1	1.8183	-0.0652	0.0006	0.2427	-1.4271	60	0.161	27.685354	85.340614	1279.90	27.685850	85.340286	1281.6	11011
AGB96	2024-05-26	02:02:25	2513.6085	0	0.0860	0.0111	2514.8555	-1.2	-7.3	1.8176	-0.0647	0.0007	0.2441	-1.4271	60	0.161	27.685354	85.340614	1279.90	27.685667	85.340332	1284.4	11011
AGB96	2024-05-26	02:03:25	2513.6094	0	0.0936	0.0121	2514.8561	-0.5	-6.5	1.8111	-0.0642	0.0006	0.2440	-1.4271	60	0.161	27.685354	85.340614	1279.90	27.685629	85.340424	1282.3	11011
AGB96	2024-05-26	02:06:21	2513.6110	0	0.0721	0.0093	2514.8557	4.7	-2.6	1.8106	-0.0628	0.0004	0.2448	-1.4271	60	0.161	27.685354	85.340614	1279.90	27.685688	85.340248	1290.9	11011
AGB96	2024-05-26	02:07:21	2513.6124	0	0.0865	0.0112	2514.8579	3.3	-2.0	1.8096	-0.0623	0.0002	0.2437	-1.4271	60	0.161	27.685354	85.340614	1279.90	--	--	--	11011
AGB96	2024-05-26	02:08:21	2513.6143	0	0.0795	0.0103	2514.8589	3.3	-2.9	1.8133	-0.0617	0.0003	0.2440	-1.4271	60	0.161	27.685354	85.340614	1279.90	--	--	--	11011
AGB96	2024-05-26	02:09:21	2513.6118	0	0.0880	0.0114	2514.8565	2.5	-2.7	1.8105	-0.0612	0.0002	0.2434	-1.4271	60	0.161	27.685354	85.340614	1279.90	27.685793	85.340424	1295.5	11011
AGB96	2024-05-26	02:10:21	2513.6120	0	0.0782	0.0101	2514.8563	3.5	-3.4	1.8031	-0.0607	0.0003	0.2432	-1.4271	60	0.161	27.685354	85.340614	1279.90	27.685812	85.340424	1295.4	11011
AGB96	2024-05-26	02:12:55	2513.6093	0	0.0665	0.0086	2514.8538	3.9	-2.7	1.7932	-0.0594	0.0003	0.2416	-1.4271	60	0.161	27.685354	85.340614	1279.90	27.685759	85.340401	1295.7	11011
AGB96	2024-05-26	02:13:55	2513.6108	0	0.0797	0.0103	2514.8539	4.0	-2.1	1.7917	-0.0588	0.0002	0.2425	-1.4271	60	0.161	27.685354	85.340614	1279.90	27.685743	85.340294	1296.8	11011
AGB96	2024-05-26	02:14:55	2513.6110	0	0.0874	0.0113	2514.8533	3.0	-2.4	1.8054	-0.0583	0.0003	0.2429	-1.4271	60	0.161	27.685354	85.340614	1279.90	27.685831	85.340294	1297.3	11011
AGB96	2024-05-26	02:15:55	2513.6090	0	0.0857	0.0111	2514.8516	4.0	-2.2	1.8087	-0.0577	0.0003	0.2420	-1.4271	60	0.161	27.685354	85.340614	1279.90	27.685869	85.340401	1299.7	11011
AGB96	2024-05-26	02:16:55	2513.6124	0	0.0957	0.0124	2514.8535	3.3	-2.0	1.8049	-0.0572	0.0002	0.2430	-1.4271	60	0.161	27.685354	85.340614	1279.90	27.685734	85.340500	1294.9	11011
AGB96	2024-05-26	02:23:22	2513.6157	0	0.0871	0.0112	2514.8503	1.1	-1.5	1.8289	-0.0535	0.0001	0.2460	-1.4271	60	0.161	27.685869	85.340385	1305.30	27.685822	85.340424	1302.9	11011
AGB96	2024-05-26	02:24:22	2513.6137	0	0.0740	0.0096	2514.8477	-0.1	-0.1	1.8342	-0.0529	0.0001	0.2460	-1.4271	60	0.161	27.685869	85.340385	1305.30	27.685869	85.340477	1302.4	11011
AGB96	2024-05-26	02:25:22	2513.6151	0	0.0941	0.0122	2514.8483	1.8	0.0	1.8341	-0.0523	0.0001	0.2462	-1.4271	60	0.161	27.685869	85.340385	1305.30	27.685644	85.340385	1300.9	11011
AGB96	2024-05-26	02:26:22	2513.6148	0	0.0803	0.0104	2514.8484	0.6	0.6	1.8171	-0.0517	0.0001	0.2452	-1.4271	60	0.161	27.685869	85.340385	1305.30	27.685629	85.340523	1300.5	11011
AGB96	2024-05-26	02:27:22	2513.6165	0	0.0808	0.0104	2514.8492	-0.1	0.5	1.8186	-0.0511	0.0000	0.2456	-1.4271	60	0.161	27.685869	85.340385	1305.30	27.685812	85.340424	1300.4	11011
AGB96	2024-05-26	02:29:48	2513.6164	0	0.0770	0.0099	2514.8488	1.2	0.5	1.8256	-0.0497	0.0001	0.2443	-1.4271	60	0.161	27.685869	85.340385	1305.30	27.685333	85.340057	1298.5	11011
AGB96	2024-05-26	02:30:48	2513.6148	0	0.0850	0.0110	2514.8464	1.5	0.4	1.8178	-0.0490	0.0001	0.2445	-1.4271	60	0.161	27.685869	85.340385	1305.30	27.685444	85.340477	1297.3	11011
AGB96	2024-05-26	02:31:48	2513.6162	0	0.0749	0.0097	2514.8474	0.4	0.7	1.8177	-0.0484	0.0001	0.2443	-1.4271	60	0.161	27.685869	85.340385	1305.30	27.685553	85.340515	1297.2	11011
AGB96	2024-05-26	02:32:48	2513.6156	0	0.0900	0.0116	2514.8469	0.6	0.3	1.8178	-0.0478	0.0001	0.2435	-1.4271	60	0.161	27.685869	85.340385	1305.30	27.685829	85.340515	1296.6	11011
AGB96	2024-05-26	02:33:48	2513.6163	0	0.0829	0.0107	2514.8467	0.8	0.5	1.8111	-0.0472	0.0001	0.2439	-1.4271	60	0.161	27.685869	85.340385	1305.30	27.685745	85.340233	1296.5	11011
AGB96	2024-05-26	02:36:09	2513.6131	0	0.0797	0.0103	2514.8438	2.2	0.5	1.8066	-0.0457	0.0001	0.2420	-1.4271	60	0.161	27.685869	85.340385	1305.30	27.685619	85.340332	1292.9	11011
AGB96	2024-05-26	02:37:09	2513.6153	0	0.0664	0.0086	2514.8429	1.9	-0.3	1.8242	-0.0450	0.0001	0.2445	-1.4271	60	0.161	27.685869	85.340385	1305.30	27.685705	85.340408	1293.2	11011
AGB96	2024-05-26	02:38:09	2513.6149	0	0.0768	0.0099	2514.8421	1.4	0.1	1.8039	-0.0444	0.0001	0.2442	-1.4271	60	0.161	27.685869	85.340385	1305.30	27.685501	85.340462	1293.5	11011
AGB96	2024-05-26	02:39:09	2513.6143	0	0.0831	0.0107	2514.8409	2.2	-0.1	1.8224	-0.0437	0.0001	0.2442	-1.4271	60	0.161	27.685869	85.340385	1305.30	27.685583	85.340134	1294.6	11011
AGB96	2024-05-26	02:40:09	2513.6164	0	0.0774	0.0100	2514.8425	2.8	0.0	1.8291	-0.0431	0.0001	0.2439	-1.4271	60	0.161	27.685869	85.340385	1305.30	27.685692	85.340363	1293.3	11011
108_100_G	2024-05-26	06:18:08	2681.7605	0	0.0396	0.0051	2682.7984	3.6	3.3	1.9025	0.1333	0.0004	0.2557	-1.4273	60	0.161	27.434193	85.038094	456.90	27.434193	85.038124	463.0	11011
108_100_G	2024-05-26	06:19:08	2681.7584	0	0.0386	0.0050	2682.7963	2.8	1.3	1.8891	0.1340	0.0001	0.2553	-1.4273	60	0.161	27.434193	85.038094	456.90	27.434179	85.038124	462.0	11011
108_100_G	2024-05-26	06:20:08	2681.7600	0	0.0364	0.0047	2682.7974	4.1	0.9	1.8897	0.1346	0.0002	0.2550	-1.4273	60	0.161	27.434193	85.038094	456.90	27.434179	85.038124	462.0	11011
108_100_G	2024-05-26	06:21:08	2681.7588	0	0.0376	0.0049	2682.7962	4.7	3.0	1.9023	0.1352	0.0004	0.2543	-1.4273	60	0.161	27.434193	85.038094	456.90	27.434179	85.038124	462.1	11011
108_100_G	2024-05-26	06:22:08	2681.7590	0	0.0404	0.0052	2682.7960	3.4	2.2	1.8747	0.1357	0.0002	0.2544	-1.4273	60	0.161	27.434193	85.038094	456.90	27.434183	85.038124	462.3	11011
108_100_G	2024-05-26	06:24:26	2681.7581	0	0.0428	0.0055	2682.7943	3.0	2.7	1.8796	0.1371	0.0003	0.2537	-1.4273	60	0.161	27.434193	85.038094	456.90	27.434195	85.038124	461.8	11011
108_100_G	2024-05-26	06:25:26	2681.7569	0	0.0468	0.0060	2682.7929	1.2	2.3	1.8768	0.1377	0.0001	0.2535	-1.4273	60	0.161	27.434193	85.038094	456.90	27.434179	85.038132	463.4	11011
108_100_G	2024-05-26	06:26:26	2681.7590	0	0.0520	0.0067	2682.7938	1.5	4.2	1.8796	0.1382	0.0003	0.2540	-1.4273	60	0.161	27.434193	85.038094	456.90	27.434183	85.038132	461.2	11011
108_100_G	2024-05-26	06:27:26	2681.7599	0	0.0425	0.0055	2682.7939	4.0	2.8	1.8815	0.1388	0.0003	0.2542	-1.4273	60	0.161	27.434193	85.038094	456.90	27.434179	85.038132	457.9	11011
108_100_G	2024-05-26	06:28:26	2681.7608	0	0.0388	0.0050	2682.7945	5.3	1.3	1.8968	0.1394	0.0004	0.2539	-1.4273	60	0.161	27.434193	85.038094	456.90	27.434160	85.038147	456.2	11011
AGB96	2024-05-26	10:31:51	2513.6277	0	0.1271	0.0164	2514.6989	5.6	4.0	1.9308	0.0953	0.0006	0.2603	-1.4274	60	0.161	27.685873	85.340500	1307.80	27.685686	85.340446	1307.5	11011
AGB96	2024-05-26	10:32:51	2513.6279	0	0.1248	0.0161	2514.6996	7.4	3.6	1.9262	0.0945	0.0009	0.2602	-1.4274	60	0.161	27.685873	85.340500	1307.80	27.685820	85.340363	1305.7	11011
AGB96	2024-05-26	10:33:51	2513.6253	0	0.1125	0.0145	2514.6988	5.8	3.8	1.9161	0.0938	0.0007	0.2594	-1.4274	60	0.161	27.685873	85.340500	1307.80	27.685768	85.340172	1304.7	11011
AGB96	2024-05-26	10:34:51	2513.6224	0	0.0973	0.0126	2514.6980	6.0	5.4	1.9152	0.0930	0.0008	0.2580	-1.4274	60	0.161	27.685873	85.340500	1307.80	27.685915	85.340118	1302.4	11011
AGB96	2024-05-26	10:35:51	2513.6243	0	0.1012	0.0131	2514.7007	6.7	4.2	1.9136	0.0922	0.0008	0.2581	-1.4274	60	0.161	27.685873	85.340500	1307.80	27.685902	85.340057	1298.2	11011
AGB96	2024-05-26	10:39:05	2513.6213	0	0.1234	0.0159	2514.7018	2.8	-3.6	1.9005	0.0896	0.0003	0.2569	-1.4274	60	0.161	27.685873	85.340500	1307.80	27.685877	85.340363	1296.8	11011
AGB96	2024-05-26	10:40:05	2513.6223	0	0.1141	0.0147	2514.7043	4.7	-3.1	1.9089	0.0888	0.0003	0.2563	-1.4274	60	0.161	27.685873	85.340500	1307.80	27.685720	85.340424	1296.3	11011
AGB96	2024-05-26	10:41:05	2513.6210	0	0.1135	0.0146	2514.7042	4.9	-1.1	1.9058	0.0880	0.0003	0.2559	-1.4274	60	0.161	27.685873	85.340500	1307.80	27.685740	85.340363	1294.6	11011
AGB96	2024-05-26	10:42:05	2513.6217	0	0.1034	0.0134	2514.7063	4.9	1.1	1.9020	0.0871	0.0004	0.2552	-1.4274	60	0.161	27.685873	85.340500	1307.80	27.685715	85.340401	1293.9	11011
AGB96	2024-05-26	10:43:05	2513.6229	0	0.0789	0.0102	2514.7090	4.6	0.4	1.8894	0.0863	0.0003	0.2546	-1.4274	60	0.161	27.685873	85.340500	1307.80	27.685850	85.340210	1291.3	11011
108_100_G	2024-05-27	01:20:23	2681.7619	0	0.0428	0.0055	2683.0237	4.3	4.8	1.8015	-0.0755	0.0005	0.2411	-1.4279	60	0.161	27.434174	85.037994	448.00	27.434175	85.038017	445.1	11011
108_100_G	2024-05-27	01:21:23	2681.7637	0	0.0301	0.0039	2683.0241	6.3	5.6	1.7964	-0.0755	0.0008	0.2421	-1.4279	60	0.161	27.434174	85.037994	448.00	27.434183	85.038010	446.5	11011
108_100_G	2024-05-27	01:22:23	2681.7648	0	0.0331	0.0043	2683.0254	8.0	5.0	1.7901	-0.0755	0.0009	0.2418	-1.4279	60	0.161	27.434174	85.037994	448.00	27.434195	85.038017	447.1	11011
108_100_G	2024-05-27	01:23:23	2681.7611	0	0.0372	0.0048	2683.0222	9.5	7.0	1.7915	-0.0754	0.0018	0.2404	-1.4279	60	0.161	27.434174	85.037994	448.00	27.434195	85.038017	447.2	11011
108_100_G	2024-05-27	01:24:23	2681.7633	0	0.0453	0.0059	2683.0247	6.9	6.7	1.7864	-0.0754	0.0010	0.2408	-1.4279	60	0.161	27.434174	85.037994	448.00	27.434195	85.038017	447.0	11011
107_106_G	2024-05-27	02:09:24	2646.1083	0	0.0437	0.0056	2647.3595	2.5	2.2	1.8317	-0.0689	0.0002	0.2454	-1.4279	60	0.161	27.385698	84.988083	558.80	27.385700	84.988106	560.2	11011
107_106_G	2024-05-27	02:10:24	2646.1102	0	0.0532	0.0069	2647.3602	2.9	4.3	1.8191	-0.0687	0.0004	0.2461	-1.4279	60	0.161	27.385698	84.988083	558.80	27.385698	84.988106	560.1	11011
107_106_G	2024-05-27	02:11:24	2646.1101	0	0.0529	0.0068	2647.3600	2.7	6.4	1.8281	-0.0684	0.0006	0.2457	-1.4279	60	0.161	27.385698	84.988083	558.80	27.385698	84.988106	560.2	11011
107_106_G	2024-05-27	02:12:24	2646.1101	0	0.0436	0.0056	2647.3600	4.0	7.0	1.8265	-0.0681	0.0008	0.2454	-1.4279	60	0.161	27.385698	84.988083	558.80	27.385695	84.988083	560.3	11011
107_106_G	2024-05-27	02:13:24	2646.1096	0	0.0682	0.0088	2647.3593	5.1	6.7	1.8271	-0.0679	0.0009	0.2451	-1.4279	60	0.161	27.385698	84.988083	558.80	27.385695	84.988083	560.5	11011
107_110_G	2024-05-27	03:13:09	2700.7178	0	0.0641	0.0083	2701.6542	3.0	0.2	3.5790	-0.0432	0.0002	0.5346	-1.4279	60	0.161	27.281559	84.991287	302.40	27.281548	84.991310	305.1	11011
107_110_G	2024-05-27	03:14:09	2700.6967	0	0.0495	0.0064	2701.7265	3.7	1.4	3.0279	-0.0427	0.0002	0.4407	-1.4279	60	0.161	27.281559	84.991287	302.40	27.281538	84.991287	303.3	11011
107_110_G	2024-05-27	03:15:09	2700.6855	0	0.1015	0.0131	2701.7754	5.0	-1.8	2.6614	-0.0421	0.0004	0.3798	-1.4279	60	0.161	27.281559	84.991287	302.40	27.281538	84.991287	303.4	11011
107_110_G	2024-05-27	03:16:09	2700.6817	0	0.1546	0.0200	2701.8083	6.2	-2.1	2.4171	-0.0416	0.0005	0.3424	-1.4279	60	0.161	27.281559	84.991287	302.40	27.281544	84.991287	303.1	11011
107_110_G	2024-05-27	03:17:09	2700.6770	0	0.0906	0.0117	2701.8291	9.2	-4.2	2.2506	-0.0410	0.0012	0.3156	-1.4279	60	0.161	27.281559	84.991287	302.40	27.281544	84.991287	303.0	11011
107_110_G	2024-05-27	03:20:21	2700.6773	0	0.0786	0.0102	2701.8671	0.1	-3.4	2.0336	-0.0392	0.0002	0.2772	-1.4279	60	0.161	27.281563	84.991272	303.00	27.281563	84.991272	302.9	11011
107_110_G	2024-05-27	03:21:21	2700.6758	0	0.0818	0.0106	2701.8709	0.6	-4.9	1.9909	-0.0386	0.0003	0.2712	-1.4279	60	0.161	27.281563	84.991272	303.00	27.281530	84.991264	301.3	11011
107_110_G	2024-05-27	03:22:21	2700.6728	0	0.0742	0.0096	2701.8727	3.4	-5.8	1.9751	-0.0380	0.0006	0.2655	-1.4279	60	0.161	27.281563	84.991272	303.00	27.281528	84.991272	300.0	11011
107_110_G	2024-05-27	03:23:21	2700.6720	0	0.0720	0.0093	2701.8730	4.0	-7.3	1.9615	-0.0374	0.0009	0.2634	-1.4279	60	0.161	27.281563	84.991272	303.00	27.281528	84.991272	299.8	11011
107_110_G	2024-05-27	03:24:21	2700.6730	0	0.0722	0.0093	2701.8749	4.9	-7.7	1.9438	-0.0368	0.0010	0.2619	-1.4279	60	0.161	27.281563	84.991272	303.00	27.281519	84.991272	297.9	11011
107_111_G	2024-05-27	03:55:09	2713.8183	0	0.0684	0.0088	2715.0029	3.1	2.0	1.9296	-0.0170	0.0002	0.2602	-1.4279	60	0.161	27.166321	84.976501	97.90	27.166306	84.976547	99.9	11011
107_111_G	2024-05-27	03:56:09	2713.8208	0	0.0576	0.0074	2715.0051	5.0	1.7	1.9270	-0.0163	0.0005	0.2595	-1.4279	60	0.161	27.166321	84.976501	97.90	27.166311	84.976547	100.2	11011
107_111_G	2024-05-27	03:57:09	2713.8186	0	0.0659	0.0085	2715.0036	5.4	2.1	1.9082	-0.0156	0.0005	0.2581	-1.4279	60	0.161	27.166321	84.976501	97.90	27.166307	84.976547	100.3	11011
107_111_G	2024-05-27	03:58:09	2713.8184	0	0.0642	0.0083	2715.0028	5.6	2.1	1.9225	-0.0149	0.0005	0.2579	-1.4279	60	0.161	27.166321	84.976501	97.90	27.166307	84.976547	100.4	11011
107_111_G	2024-05-27	03:59:09	2713.8158	0	0.0475	0.0061	2714.9998	5.3	0.1	1.9132	-0.0142	0.0005	0.2577	-1.4280	60	0.161	27.166321	84.976501	97.90	27.166306	84.976547	100.4	11011
107_110_G	2024-05-27	04:32:51	2700.6775	0	0.0291	0.0038	2701.8330	1.5	-6.0	1.9230	0.0112	0.0005	0.2608	-1.4280	60	0.161	27.281511	84.991249	305.90	27.281521	84.991264	305.8	11011
107_110_G	2024-05-27	04:33:51	2700.6754	0	0.0303	0.0039	2701.8304	1.9	-7.2	1.9243	0.0120	0.0006	0.2604	-1.4280	60	0.161	27.281511	84.991249	305.90	27.281528	84.991249	305.8	11011
107_110_G	2024-05-27	04:34:51	2700.6778	0	0.0446	0.0058	2701.8327	3.6	-8.0	1.9245	0.0128	0.0009	0.2594	-1.4280	60	0.161	27.281511	84.991249	305.90	27.281528	84.991249	305.8	11011
107_110_G	2024-05-27	04:35:51	2700.6736	0	0.0251	0.0032	2701.8282	6.2	-6.6	1.9317	0.0135	0.0009	0.2589	-1.4280	60	0.161	27.281511	84.991249	305.90	27.281528	84.991249	305.7	11011
107_110_G	2024-05-27	04:36:51	2700.6714	0	0.0327	0.0042	2701.8257	5.8	-8.0	1.9113	0.0143	0.0011	0.2582	-1.4280	60	0.161	27.281511	84.991249	305.90	27.281528	84.991249	305.7	11011
107_106_G	2024-05-27	05:21:21	2646.1054	0	0.0387	0.0050	2647.2228	7.6	0.8	1.9187	0.0503	0.0007	0.2595	-1.4280	60	0.161	27.385637	84.988029	566.30	27.385641	84.988029	566.3	11011
107_106_G	2024-05-27	05:22:21	2646.1057	0	0.0342	0.0044	2647.2232	9.0	1.2	1.9160	0.0511	0.0010	0.2584	-1.4280	60	0.161	27.385637	84.988029	566.30	27.385641	84.988022	566.4	11011
107_106_G	2024-05-27	05:23:21	2646.1070	0	0.0377	0.0049	2647.2243	8.6	0.6	1.9132	0.0519	0.0008	0.2579	-1.4280	60	0.161	27.385637	84.988029	566.30	27.385641	84.988022	566.4	11011
107_106_G	2024-05-27	05:24:21	2646.1091	0	0.0438	0.0057	2647.2251	7.1	3.1	1.9182	0.0527	0.0008	0.2584	-1.4280	60	0.161	27.385637	84.988029	566.30	27.385641	84.988022	566.1	11011
107_106_G	2024-05-27	05:25:21	2646.1087	0	0.0481	0.0062	2647.2249	8.6	3.7	1.9122	0.0536	0.0011	0.2571	-1.4280	60	0.161	27.385637	84.988029	566.30	27.385641	84.988022	566.1	11011
108_100_G	2024-05-27	06:14:38	2681.7592	0	0.0389	0.0050	2682.8356	7.3	2.4	1.9233	0.0919	0.0007	0.2589	-1.4280	60	0.161	27.434126	85.038033	452.20	27.434126	85.038033	452.3	11011
108_100_G	2024-05-27	06:15:38	2681.7593	0	0.0291	0.0038	2682.8352	9.0	2.7	1.9156	0.0926	0.0012	0.2583	-1.4280	60	0.161	27.434126	85.038033	452.20	27.434132	85.038033	452.4	11011
108_100_G	2024-05-27	06:16:38	2681.7597	0	0.0195	0.0025	2682.8353	8.6	0.3	1.9065	0.0933	0.0009	0.2581	-1.4280	60	0.161	27.434126	85.038033	452.20	27.434132	85.038033	452.5	11011
108_100_G	2024-05-27	06:17:38	2681.7600	0	0.0256	0.0033	2682.8359	9.7	0.4	1.9017	0.0941	0.0011	0.2570	-1.4280	60	0.161	27.434126	85.038033	452.20	27.434135	85.038033	452.7	11011
108_100_G	2024-05-27	06:18:38	2681.7592	0	0.0552	0.0071	2682.8344	10.6	1.2	1.9041	0.0948	0.0015	0.2565	-1.4280	60	0.161	27.434126	85.038033	452.20	27.434135	85.038033	452.8	11011
107_111_G	2024-05-27	08:08:53	2713.8277	0	0.0467	0.0060	2714.8436	6.5	5.9	1.9455	0.1485	0.0009	0.2627	-1.4281	60	0.161	27.166235	84.976501	121.00	27.166245	84.976486	122.1	11011
107_111_G	2024-05-27	08:09:53	2713.8296	0	0.0566	0.0073	2714.8450	8.4	7.0	1.9523	0.1487	0.0014	0.2625	-1.4281	60	0.161	27.166235	84.976501	121.00	27.166250	84.976486	122.0	11011
107_111_G	2024-05-27	08:10:53	2713.8329	0	0.0502	0.0065	2714.8483	7.9	8.1	1.9399	0.1489	0.0016	0.2621	-1.4281	60	0.161	27.166235	84.976501	121.00	27.166250	84.976501	121.9	11011
107_111_G	2024-05-27	08:11:53	2713.8287	0	0.0313	0.0040	2714.8449	8.2	9.3	1.9572	0.1491	0.0019	0.2609	-1.4281	60	0.161	27.166235	84.976501	121.00	27.166258	84.976501	121.5	11011
107_111_G	2024-05-27	08:12:53	2713.8288	0	0.0470	0.0061	2714.8451	8.6	9.3	1.9396	0.1493	0.0015	0.2609	-1.4281	60	0.161	27.166235	84.976501	121.00	27.166260	84.976501	121.3	11011
113_102_G	2024-05-27	08:43:38	2719.0207	0	0.0525	0.0068	2720.0309	-0.6	-2.6	1.9727	0.1524	0.0001	0.2653	-1.4281	60	0.161	27.111261	84.923141	83.60	27.111261	84.923141	83.9	11011
113_102_G	2024-05-27	08:44:38	2719.0188	0	0.0560	0.0072	2720.0292	0.5	-5.1	1.9742	0.1525	0.0003	0.2650	-1.4281	60	0.161	27.111261	84.923141	83.60	27.111259	84.923134	86.1	11011
113_102_G	2024-05-27	08:45:38	2719.0177	0	0.0460	0.0059	2720.0290	1.5	-5.0	1.9506	0.1525	0.0003	0.2641	-1.4281	60	0.161	27.111261	84.923141	83.60	27.111256	84.923134	85.2	11011
113_102_G	2024-05-27	08:46:38	2719.0179	0	0.0673	0.0087	2720.0298	2.1	-5.1	1.9613	0.1525	0.0004	0.2634	-1.4281	60	0.161	27.111261	84.923141	83.60	27.111256	84.923134	85.0	11011
113_102_G	2024-05-27	08:47:38	2719.0163	0	0.0468	0.0060	2720.0286	2.8	-4.5	1.9519	0.1525	0.0003	0.2631	-1.4281	60	0.161	27.111261	84.923141	83.60	27.111256	84.923134	84.9	11011
113_101_G	2024-05-27	11:11:11	2725.1343	0	0.0768	0.0099	2726.2047	1.7	3.8	1.9210	0.0981	0.0003	0.2594	-1.4282	60	0.161	27.061642	84.768227	59.90	27.061649	84.768227	59.9	11011
113_101_G	2024-05-27	11:12:11	2725.1349	0	0.0359	0.0046	2726.2072	3.9	3.5	1.9162	0.0974	0.0003	0.2582	-1.4282	60	0.161	27.061642	84.768227	59.90	27.061649	84.768227	60.2	11011
113_101_G	2024-05-27	11:13:11	2725.1369	0	0.0658	0.0085	2726.2101	5.3	3.9	1.9189	0.0968	0.0007	0.2575	-1.4282	60	0.161	27.061642	84.768227	59.90	27.061649	84.768227	59.9	11011
113_101_G	2024-05-27	11:14:11	2725.1375	0	0.0567	0.0073	2726.2121	6.9	3.1	1.8959	0.0961	0.0008	0.2567	-1.4282	60	0.161	27.061642	84.768227	59.90	27.061649	84.768227	59.7	11011
113_101_G	2024-05-27	11:15:11	2725.1364	0	0.0488	0.0063	2726.2129	8.5	4.1	1.8964	0.0954	0.0012	0.2552	-1.4282	60	0.161	27.061642	84.768227	59.90	27.061649	84.768227	59.6	11011
113_102_G	2024-05-27	12:40:32	2719.0272	0	0.0464	0.0060	2720.1674	3.9	4.5	1.8971	0.0316	0.0005	0.2560	-1.4282	60	0.161	27.111240	84.923103	78.50	27.111246	84.923103	78.8	11011
113_102_G	2024-05-27	12:41:32	2719.0240	0	0.0524	0.0068	2720.1656	2.8	4.1	1.8851	0.0308	0.0003	0.2554	-1.4282	60	0.161	27.111240	84.923103	78.50	27.111246	84.923103	78.8	11011
113_102_G	2024-05-27	12:42:32	2719.0238	0	0.0357	0.0046	2720.1677	3.0	5.3	1.8793	0.0301	0.0005	0.2537	-1.4282	60	0.161	27.111240	84.923103	78.50	27.111246	84.923103	78.8	11011
113_102_G	2024-05-27	12:43:32	2719.0227	0	0.0369	0.0048	2720.1685	4.4	4.6	1.8677	0.0293	0.0005	0.2526	-1.4282	60	0.161	27.111240	84.923103	78.50	27.111250	84.923103	78.6	11011
113_102_G	2024-05-27	12:44:32	2719.0233	0	0.0406	0.0052	2720.1708	4.3	4.2	1.8659	0.0286	0.0004	0.2518	-1.4282	60	0.161	27.111240	84.923103	78.50	27.111250	84.923103	78.6	11011
107_111_G	2024-05-27	13:13:36	2713.8300	0	0.0356	0.0046	2714.9985	5.2	3.0	1.8682	0.0072	0.0005	0.2521	-1.4282	60	0.161	27.166260	84.976547	105.60	27.166239	84.976509	107.7	11011
107_111_G	2024-05-27	13:14:36	2713.8279	0	0.0310	0.0040	2714.9972	6.4	0.5	1.8669	0.0064	0.0005	0.2520	-1.4282	60	0.161	27.166260	84.976547	105.60	27.166239	84.976509	107.9	11011
107_111_G	2024-05-27	13:15:36	2713.8332	0	0.0365	0.0047	2715.0032	8.0	3.1	1.8557	0.0057	0.0010	0.2515	-1.4282	60	0.161	27.166260	84.976547	105.60	27.166239	84.976509	108.0	11011
107_111_G	2024-05-27	13:16:36	2713.8322	0	0.0331	0.0043	2715.0039	7.9	3.0	1.8591	0.0050	0.0008	0.2507	-1.4282	60	0.161	27.166260	84.976547	105.60	27.166239	84.976509	108.1	11011
107_111_G	2024-05-27	13:17:36	2713.8308	0	0.0467	0.0060	2715.0037	6.7	4.0	1.8601	0.0043	0.0006	0.2504	-1.4283	60	0.161	27.166260	84.976547	105.60	27.166245	84.976509	108.2	11011
108_100_G	2024-05-28	01:57:27	2681.7953	0	0.0263	0.0034	2682.7868	2.4	-3.9	3.3205	-0.0588	0.0003	0.4957	-1.4287	60	0.153	27.434116	85.038017	450.90	27.434155	85.038055	452.8	11011
108_100_G	2024-05-28	01:58:27	2681.7762	0	0.0231	0.0030	2682.8548	4.5	-2.3	2.8052	-0.0589	0.0004	0.4086	-1.4287	60	0.153	27.434116	85.038017	450.90	27.434155	85.038071	453.4	11011
108_100_G	2024-05-28	01:59:27	2681.7663	0	0.0170	0.0022	2682.9002	5.9	-2.7	2.4792	-0.0589	0.0006	0.3531	-1.4287	60	0.153	27.434116	85.038017	450.90	27.434147	85.038033	454.0	11011
108_100_G	2024-05-28	02:00:27	2681.7624	0	0.0163	0.0021	2682.9316	6.0	-0.6	2.2705	-0.0589	0.0005	0.3179	-1.4287	60	0.153	27.434116	85.038017	450.90	27.434147	85.038033	455.9	11011
108_100_G	2024-05-28	02:01:27	2681.7613	0	0.0140	0.0018	2682.9541	5.5	0.5	2.1249	-0.0589	0.0005	0.2944	-1.4287	60	0.153	27.434116	85.038017	450.90	27.434145	85.038033	455.8	11011
108_100_G	2024-05-28	02:03:49	2681.7571	0	0.0194	0.0025	2682.9790	5.4	-1.3	1.9442	-0.0589	0.0004	0.2653	-1.4287	60	0.153	27.434116	85.038017	450.90	27.434118	85.038010	454.7	11011
108_100_G	2024-05-28	02:04:49	2681.7584	0	0.0156	0.0020	2682.9866	6.9	-0.5	1.9135	-0.0589	0.0007	0.2588	-1.4287	60	0.153	27.434116	85.038017	450.90	27.434118	85.037994	454.2	11011
108_100_G	2024-05-28	02:05:49	2681.7597	0	0.0136	0.0018	2682.9922	6.7	-2.0	1.8812	-0.0589	0.0007	0.2544	-1.4287	60	0.153	27.434116	85.038017	450.90	27.434107	85.037994	453.8	11011
108_100_G	2024-05-28	02:06:49	2681.7570	0	0.0180	0.0023	2682.9932	6.1	-0.0	1.8508	-0.0589	0.0005	0.2509	-1.4287	60	0.153	27.434116	85.038017	450.90	27.434116	85.038010	453.7	11011
108_100_G	2024-05-28	02:07:49	2681.7582	0	0.0208	0.0027	2682.9970	6.6	1.5	1.8369	-0.0589	0.0005	0.2483	-1.4287	60	0.153	27.434116	85.038017	450.90	27.434126	85.038017	453.4	11011
107_105_G	2024-05-28	02:31:07	2692.3180	0	0.0198	0.0026	2693.5575	-2.3	2.7	1.8291	-0.0577	0.0002	0.2467	-1.4287	60	0.153	27.455465	84.958939	393.70	27.455528	84.958939	394.9	11011
107_105_G	2024-05-28	02:32:07	2692.3195	0	0.0206	0.0027	2693.5590	-0.4	2.2	1.8378	-0.0576	0.0001	0.2467	-1.4287	60	0.153	27.455465	84.958939	393.70	27.455528	84.958916	395.2	11011
107_105_G	2024-05-28	02:33:07	2692.3165	0	0.0156	0.0020	2693.5569	-1.0	2.8	1.8200	-0.0575	0.0002	0.2456	-1.4287	60	0.153	27.455465	84.958939	393.70	27.455528	84.958900	395.6	11011
107_105_G	2024-05-28	02:34:07	2692.3166	0	0.0173	0.0022	2693.5575	-0.5	4.0	1.8226	-0.0574	0.0003	0.2450	-1.4287	60	0.153	27.455465	84.958939	393.70	27.455551	84.958939	396.7	11011
107_105_G	2024-05-28	02:35:07	2692.3174	0	0.0154	0.0020	2693.5585	-0.6	3.9	1.8073	-0.0573	0.0003	0.2447	-1.4287	60	0.153	27.455465	84.958939	393.70	27.455551	84.958939	397.1	11011
107_103_G	2024-05-28	02:54:11	2697.9842	0	0.0255	0.0033	2699.2200	6.1	0.4	1.8385	-0.0545	0.0005	0.2469	-1.4287	60	0.153	27.471716	84.881386	340.20	27.471716	84.881386	340.1	11011
107_103_G	2024-05-28	02:55:11	2697.9843	0	0.0197	0.0025	2699.2201	6.4	5.0	1.8299	-0.0543	0.0008	0.2465	-1.4287	60	0.153	27.471716	84.881386	340.20	27.471716	84.881386	340.0	11011
107_103_G	2024-05-28	02:56:11	2697.9846	0	0.0246	0.0032	2699.2210	6.2	4.1	1.8234	-0.0542	0.0007	0.2458	-1.4287	60	0.153	27.471716	84.881386	340.20	27.471716	84.881386	340.1	11011
107_103_G	2024-05-28	02:57:11	2697.9838	0	0.0201	0.0026	2699.2202	7.2	3.7	1.8135	-0.0540	0.0007	0.2455	-1.4287	60	0.153	27.471716	84.881386	340.20	27.471716	84.881386	340.1	11011
107_103_G	2024-05-28	02:58:11	2697.9851	0	0.0143	0.0018	2699.2219	7.6	3.6	1.8166	-0.0538	0.0009	0.2448	-1.4287	60	0.153	27.471716	84.881386	340.20	27.471720	84.881386	340.2	11011
107_102_G	2024-05-28	03:24:29	2715.5901	0	0.0112	0.0015	2716.8173	7.4	1.7	1.8374	-0.0472	0.0007	0.2479	-1.4287	60	0.156	27.541492	84.804047	287.10	27.541492	84.804047	287.1	11011
107_102_G	2024-05-28	03:25:29	2715.5888	0	0.0123	0.0016	2716.8164	8.5	0.8	1.8342	-0.0468	0.0010	0.2469	-1.4287	60	0.156	27.541492	84.804047	287.10	27.541492	84.804047	287.1	11011
107_102_G	2024-05-28	03:26:29	2715.5903	0	0.0147	0.0019	2716.8179	9.6	0.4	1.8366	-0.0465	0.0012	0.2465	-1.4287	60	0.156	27.541492	84.804047	287.10	27.541492	84.804047	287.1	11011
107_102_G	2024-05-28	03:27:29	2715.5929	0	0.0130	0.0017	2716.8201	10.1	1.1	1.8222	-0.0462	0.0013	0.2464	-1.4287	60	0.156	27.541492	84.804047	287.10	27.541492	84.804047	287.1	11011
107_102_G	2024-05-28	03:28:29	2715.5896	0	0.0148	0.0019	2716.8174	11.5	2.3	1.8204	-0.0459	0.0016	0.2453	-1.4287	60	0.156	27.541492	84.804047	287.10	27.541492	84.804047	287.2	11011
101_101_G	2024-05-28	04:04:18	2724.8186	0	0.0336	0.0043	2725.7622	2.7	4.2	3.4433	-0.0322	0.0003	0.5170	-1.4287	60	0.160	27.607924	84.649872	210.20	27.607906	84.649895	211.0	11011
101_101_G	2024-05-28	04:05:18	2724.7965	0	0.0226	0.0029	2725.8342	3.1	4.6	2.8861	-0.0317	0.0004	0.4225	-1.4287	60	0.160	27.607924	84.649872	210.20	27.607914	84.649925	210.6	11011
101_101_G	2024-05-28	04:06:18	2724.7881	0	0.0190	0.0025	2725.8837	3.8	5.5	2.5401	-0.0313	0.0006	0.3639	-1.4287	60	0.160	27.607924	84.649872	210.20	27.607914	84.649925	210.7	11011
101_101_G	2024-05-28	04:07:18	2724.7827	0	0.0154	0.0020	2725.9156	4.6	4.7	2.3130	-0.0308	0.0004	0.3262	-1.4287	60	0.160	27.607924	84.649872	210.20	27.607924	84.649948	213.4	11011
101_101_G	2024-05-28	04:08:18	2724.7794	0	0.0159	0.0020	2725.9364	4.6	5.9	2.1802	-0.0304	0.0007	0.3015	-1.4287	60	0.160	27.607924	84.649872	210.20	27.607929	84.649933	211.3	11011
101_101_G	2024-05-28	04:10:54	2724.7758	0	0.0268	0.0035	2725.9650	-1.2	-0.5	1.9732	-0.0291	0.0001	0.2687	-1.4287	60	0.160	27.607924	84.649872	210.20	27.607929	84.649948	211.6	11011
101_101_G	2024-05-28	04:11:54	2724.7755	0	0.0152	0.0020	2725.9697	-2.7	0.4	1.9396	-0.0287	0.0002	0.2630	-1.4287	60	0.160	27.607924	84.649872	210.20	27.607925	84.649933	213.1	11011
101_101_G	2024-05-28	04:12:54	2724.7743	0	0.0156	0.0020	2725.9729	-3.0	-0.2	1.9049	-0.0282	0.0002	0.2582	-1.4287	60	0.160	27.607924	84.649872	210.20	27.607925	84.649933	213.0	11011
101_101_G	2024-05-28	04:13:54	2724.7739	0	0.0135	0.0017	2725.9753	-4.0	-1.2	1.8810	-0.0277	0.0002	0.2548	-1.4287	60	0.160	27.607924	84.649872	210.20	27.607925	84.649925	210.5	11011
101_101_G	2024-05-28	04:14:54	2724.7730	0	0.0157	0.0020	2725.9767	-2.2	0.1	1.8655	-0.0272	0.0001	0.2522	-1.4287	60	0.160	27.607924	84.649872	210.20	27.607925	84.649933	210.1	11011
100_101_G	2024-05-28	05:04:14	2730.2756	0	0.0128	0.0017	2731.4517	7.3	-0.3	1.8741	0.0001	0.0007	0.2518	-1.4288	60	0.160	27.645300	84.494171	184.20	27.645304	84.494156	186.0	11011
100_101_G	2024-05-28	05:05:14	2730.2753	0	0.0159	0.0021	2731.4508	7.7	-2.0	1.8658	0.0007	0.0009	0.2516	-1.4288	60	0.160	27.645300	84.494171	184.20	27.645300	84.494156	186.2	11011
100_101_G	2024-05-28	05:06:14	2730.2770	0	0.0148	0.0019	2731.4520	7.7	-2.3	1.8596	0.0013	0.0009	0.2515	-1.4288	60	0.160	27.645300	84.494171	184.20	27.645300	84.494156	186.2	11011
100_101_G	2024-05-28	05:07:14	2730.2749	0	0.0186	0.0024	2731.4499	8.9	-3.6	1.8538	0.0020	0.0011	0.2507	-1.4288	60	0.160	27.645300	84.494171	184.20	27.645300	84.494156	186.4	11011
100_101_G	2024-05-28	05:08:14	2730.2736	0	0.0146	0.0019	2731.4482	10.4	-3.8	1.8662	0.0026	0.0014	0.2502	-1.4288	60	0.160	27.645300	84.494171	184.20	27.645300	84.494156	186.3	11011
101_101_G	2024-05-28	05:38:13	2724.7723	0	0.0304	0.0039	2725.9209	6.6	0.7	1.9116	0.0226	0.0006	0.2570	-1.4288	60	0.160	27.607897	84.649925	218.80	27.607925	84.649925	225.7	11011
101_101_G	2024-05-28	05:39:13	2724.7706	0	0.0135	0.0017	2725.9194	6.5	0.4	1.8929	0.0233	0.0006	0.2561	-1.4288	60	0.160	27.607897	84.649925	218.80	27.607925	84.649925	225.5	11011
101_101_G	2024-05-28	05:40:13	2724.7705	0	0.0133	0.0017	2725.9192	9.1	-3.3	1.8789	0.0240	0.0012	0.2550	-1.4288	60	0.160	27.607897	84.649925	218.80	27.607925	84.649925	225.5	11011
101_101_G	2024-05-28	05:41:13	2724.7698	0	0.0192	0.0025	2725.9183	10.7	-3.5	1.8898	0.0246	0.0015	0.2541	-1.4288	60	0.160	27.607897	84.649925	218.80	27.607925	84.649925	225.5	11011
101_101_G	2024-05-28	05:42:13	2724.7695	0	0.0151	0.0020	2725.9175	10.9	-2.3	1.9029	0.0253	0.0014	0.2541	-1.4288	60	0.160	27.607897	84.649925	218.80	27.607925	84.649925	225.5	11011
107_102_G	2024-05-28	06:14:55	2715.5916	0	0.0132	0.0017	2716.7140	8.2	4.7	1.9063	0.0481	0.0011	0.2572	-1.4288	60	0.160	27.541391	84.803986	294.10	27.541391	84.803986	294.1	11011
107_102_G	2024-05-28	06:15:55	2715.5911	0	0.0159	0.0021	2716.7130	9.6	4.5	1.9104	0.0488	0.0014	0.2567	-1.4288	60	0.160	27.541391	84.803986	294.10	27.541391	84.803986	294.1	11011
107_102_G	2024-05-28	06:16:55	2715.5906	0	0.0136	0.0018	2716.7123	10.3	3.2	1.9014	0.0495	0.0014	0.2562	-1.4288	60	0.160	27.541391	84.803986	294.10	27.541473	84.804024	298.5	11011
107_102_G	2024-05-28	06:17:55	2715.5911	0	0.0154	0.0020	2716.7119	10.7	4.5	1.8940	0.0502	0.0017	0.2561	-1.4288	60	0.160	27.541391	84.803986	294.10	27.541473	84.804024	298.5	11011
107_102_G	2024-05-28	06:18:55	2715.5918	0	0.0152	0.0020	2716.7114	12.7	4.2	1.9003	0.0509	0.0022	0.2561	-1.4288	60	0.160	27.541391	84.803986	294.10	27.541473	84.804024	298.5	11011
107_103_G	2024-05-28	06:41:58	2697.9903	0	0.0159	0.0021	2699.0934	1.8	2.5	1.9257	0.0666	0.0002	0.2589	-1.4288	60	0.160	27.471573	84.881462	322.20	27.471617	84.881386	324.9	11011
107_103_G	2024-05-28	06:42:58	2697.9895	0	0.0228	0.0029	2699.0918	2.6	2.2	1.9219	0.0673	0.0002	0.2591	-1.4288	60	0.160	27.471573	84.881462	322.20	27.471617	84.881386	324.9	11011
107_103_G	2024-05-28	06:43:58	2697.9908	0	0.0217	0.0028	2699.0931	2.9	2.4	1.9196	0.0679	0.0002	0.2584	-1.4288	60	0.160	27.471573	84.881462	322.20	27.471617	84.881386	324.9	11011
107_103_G	2024-05-28	06:44:58	2697.9909	0	0.0203	0.0026	2699.0928	2.9	3.4	1.9080	0.0686	0.0002	0.2580	-1.4288	60	0.160	27.471573	84.881462	322.20	27.471617	84.881386	324.9	11011
107_103_G	2024-05-28	06:45:58	2697.9921	0	0.0224	0.0029	2699.0938	2.6	4.4	1.9124	0.0692	0.0003	0.2576	-1.4288	60	0.160	27.471573	84.881462	322.20	27.471617	84.881386	324.9	11011
107_105_G	2024-05-28	07:04:10	2692.3125	0	0.0160	0.0021	2693.4011	-2.1	-4.2	1.9222	0.0811	0.0003	0.2588	-1.4288	60	0.160	27.454918	84.959282	276.60	27.455021	84.959259	290.1	11011
107_105_G	2024-05-28	07:05:10	2692.3131	0	0.0155	0.0020	2693.4009	-2.2	-5.0	1.9264	0.0817	0.0004	0.2588	-1.4288	60	0.160	27.454918	84.959282	276.60	27.455021	84.959259	290.1	11011
107_105_G	2024-05-28	07:06:10	2692.3122	0	0.0190	0.0024	2693.3997	-4.1	-3.7	1.9167	0.0824	0.0004	0.2586	-1.4288	60	0.160	27.454918	84.959282	276.60	27.455265	84.959259	306.8	11011
107_105_G	2024-05-28	07:07:10	2692.3127	0	0.0145	0.0019	2693.4005	-2.8	-3.7	1.9124	0.0830	0.0003	0.2578	-1.4288	60	0.160	27.454918	84.959282	276.60	27.455179	84.959221	312.7	11011
107_105_G	2024-05-28	07:08:10	2692.3126	0	0.0243	0.0031	2693.3997	-3.8	-4.5	1.9073	0.0836	0.0005	0.2576	-1.4288	60	0.160	27.454918	84.959282	276.60	27.455179	84.959221	312.7	11011
108_100_G	2024-05-28	07:28:01	2681.7661	0	0.0183	0.0024	2682.8384	3.8	5.3	1.9417	0.0955	0.0006	0.2605	-1.4288	60	0.165	27.434179	85.038086	437.90	27.434179	85.038086	437.9	11011
108_100_G	2024-05-28	07:29:01	2681.7638	0	0.0127	0.0016	2682.8368	5.2	3.1	1.9333	0.0961	0.0004	0.2593	-1.4288	60	0.165	27.434179	85.038086	437.90	27.434179	85.038086	437.9	11011
108_100_G	2024-05-28	07:30:01	2681.7658	0	0.0211	0.0027	2682.8380	6.7	4.2	1.9244	0.0966	0.0008	0.2591	-1.4288	60	0.165	27.434179	85.038086	437.90	27.434179	85.038086	437.9	11011
108_100_G	2024-05-28	07:31:01	2681.7662	0	0.0122	0.0016	2682.8387	5.5	4.9	1.9134	0.0972	0.0006	0.2586	-1.4288	60	0.165	27.434179	85.038086	437.90	27.434179	85.038086	437.9	11011
108_100_G	2024-05-28	07:32:01	2681.7644	0	0.0137	0.0018	2682.8370	5.6	3.8	1.9133	0.0977	0.0005	0.2580	-1.4288	60	0.165	27.434179	85.038086	437.90	27.434179	85.038086	437.9	11011
100_101_G	2024-05-28	11:21:34	2730.2903	0	0.0396	0.0051	2731.3426	0.1	0.5	1.9552	0.1135	0.0001	0.2631	-1.4290	60	0.163	27.645390	84.494156	170.50	27.645390	84.494156	170.5	11011
100_101_G	2024-05-28	11:22:34	2730.2895	0	0.0166	0.0021	2731.3424	0.6	2.0	1.9401	0.1130	0.0001	0.2629	-1.4290	60	0.163	27.645390	84.494156	170.50	27.645390	84.494156	170.5	11011
100_101_G	2024-05-28	11:23:34	2730.2897	0	0.0140	0.0018	2731.3440	0.1	3.0	1.9383	0.1126	0.0002	0.2618	-1.4290	60	0.163	27.645390	84.494156	170.50	27.645390	84.494156	170.5	11011
100_101_G	2024-05-28	11:24:34	2730.2888	0	0.0165	0.0021	2731.3449	0.3	3.1	1.9310	0.1121	0.0001	0.2606	-1.4290	60	0.163	27.645390	84.494156	170.50	27.645390	84.494156	170.5	11011
100_101_G	2024-05-28	11:25:34	2730.2888	0	0.0161	0.0021	2731.3458	1.1	6.0	1.9292	0.1117	0.0005	0.2598	-1.4290	60	0.163	27.645390	84.494156	170.50	27.645390	84.494156	170.5	11011
100_100_G	2024-05-28	11:58:12	2732.3426	0	0.0182	0.0023	2733.4146	3.4	-5.4	1.9393	0.0952	0.0005	0.2612	-1.4290	60	0.163	27.579414	84.475410	178.00	27.579414	84.475410	178.0	11011
100_100_G	2024-05-28	11:59:12	2732.3405	0	0.2421	0.0313	2733.4136	5.7	-6.5	1.9254	0.0946	0.0009	0.2603	-1.4290	60	0.163	27.579414	84.475410	178.00	27.579414	84.475410	178.0	11011
100_100_G	2024-05-28	12:00:12	2732.3417	0	0.1042	0.0134	2733.4168	4.3	-5.9	1.9104	0.0941	0.0007	0.2592	-1.4290	60	0.163	27.579414	84.475410	178.00	27.579414	84.475410	178.0	11011
100_100_G	2024-05-28	12:01:12	2732.3410	0	0.0672	0.0087	2733.4181	5.2	-4.2	1.9118	0.0935	0.0005	0.2578	-1.4290	60	0.163	27.579414	84.475410	178.00	27.579414	84.475410	178.0	11011
100_100_G	2024-05-28	12:02:12	2732.3395	0	0.0438	0.0057	2733.4182	4.0	-4.8	1.9160	0.0930	0.0005	0.2568	-1.4290	60	0.163	27.579414	84.475410	178.00	27.579414	84.475410	178.0	11011
101_100_G	2024-05-28	12:37:51	2724.1824	0	0.0296	0.0038	2725.2835	-4.5	-5.1	1.9038	0.0711	0.0006	0.2562	-1.4290	60	0.167	27.574789	84.570198	170.80	27.574789	84.570198	170.8	11011
101_100_G	2024-05-28	12:38:51	2724.1825	0	0.0261	0.0034	2725.2843	-5.3	-5.8	1.9003	0.0705	0.0007	0.2560	-1.4290	60	0.167	27.574789	84.570198	170.80	27.574789	84.570198	170.8	11011
101_100_G	2024-05-28	12:39:51	2724.1842	0	0.0249	0.0032	2725.2866	-7.0	-6.0	1.8958	0.0698	0.0010	0.2559	-1.4290	60	0.167	27.574789	84.570198	170.80	27.574789	84.570198	170.8	11011
101_100_G	2024-05-28	12:40:51	2724.1863	0	0.0224	0.0029	2725.2891	-6.7	-6.6	1.9000	0.0692	0.0012	0.2558	-1.4290	60	0.167	27.574789	84.570198	170.80	27.574789	84.570198	170.8	11011
101_100_G	2024-05-28	12:41:51	2724.1840	0	0.0263	0.0034	2725.2890	-8.1	-5.5	1.8970	0.0685	0.0012	0.2542	-1.4290	60	0.167	27.574789	84.570198	170.80	27.574789	84.570198	170.8	11011
100_100_G	2024-05-28	13:24:49	2732.3518	0	0.0213	0.0028	2733.4828	0.9	2.5	1.9131	0.0402	0.0002	0.2577	-1.4290	60	0.163	27.579363	84.475410	160.20	27.579363	84.475410	160.2	11011
100_100_G	2024-05-28	13:25:49	2732.3495	0	0.0155	0.0020	2733.4817	2.3	2.7	1.8989	0.0395	0.0003	0.2571	-1.4290	60	0.163	27.579363	84.475410	160.20	27.579363	84.475410	160.2	11011
100_100_G	2024-05-28	13:26:49	2732.3504	0	0.0194	0.0025	2733.4844	1.7	4.6	1.8973	0.0388	0.0003	0.2560	-1.4290	60	0.163	27.579363	84.475410	160.20	27.579363	84.475410	160.2	11011
100_100_G	2024-05-28	13:27:49	2732.3515	0	0.0157	0.0020	2733.4870	2.9	5.6	1.8844	0.0382	0.0005	0.2549	-1.4290	60	0.163	27.579363	84.475410	160.20	27.579363	84.475410	160.2	11011
100_100_G	2024-05-28	13:28:49	2732.3523	0	0.0293	0.0038	2733.4886	2.2	5.6	1.8863	0.0375	0.0005	0.2548	-1.4290	60	0.163	27.579363	84.475410	160.20	27.579363	84.475410	160.2	11011
100_101_G	2024-05-28	13:59:23	2730.2878	0	0.0349	0.0045	2731.4460	-0.7	0.1	1.8810	0.0170	0.0001	0.2537	-1.4290	60	0.160	27.645384	84.494286	180.00	27.645384	84.494286	180.0	11011
100_101_G	2024-05-28	14:00:23	2730.2894	0	0.0179	0.0023	2731.4484	-1.3	0.9	1.8799	0.0164	0.0001	0.2537	-1.4290	60	0.160	27.645384	84.494286	180.00	27.645384	84.494286	180.0	11011
100_101_G	2024-05-28	14:01:23	2730.2895	0	0.0154	0.0020	2731.4501	0.1	3.2	1.8777	0.0157	0.0002	0.2526	-1.4290	60	0.160	27.645384	84.494286	180.00	27.645384	84.494286	180.0	11011
100_101_G	2024-05-28	14:02:23	2730.2903	0	0.0292	0.0038	2731.4522	1.9	3.2	1.8727	0.0150	0.0002	0.2519	-1.4290	60	0.160	27.645384	84.494286	180.00	27.645384	84.494286	180.0	11011
100_101_G	2024-05-28	14:03:23	2730.2916	0	0.0394	0.0051	2731.4534	1.5	2.9	1.8701	0.0144	0.0002	0.2527	-1.4290	60	0.160	27.645384	84.494286	180.00	27.645384	84.494286	180.0	11011
100_101_G	2024-05-29	02:27:01	2730.2801	0	0.0129	0.0017	2731.4986	1.7	2.0	1.8207	-0.0342	0.0002	0.2450	-1.4294	60	0.160	27.645313	84.494133	180.70	27.645313	84.494133	180.7	11011
100_101_G	2024-05-29	02:28:01	2730.2779	0	0.0142	0.0018	2731.4970	5.0	-0.6	1.8029	-0.0343	0.0003	0.2445	-1.4294	60	0.160	27.645313	84.494133	180.70	27.645399	84.494156	181.8	11011
100_101_G	2024-05-29	02:29:01	2730.2755	0	0.0126	0.0016	2731.4958	6.6	-0.9	1.7959	-0.0345	0.0005	0.2431	-1.4294	60	0.160	27.645313	84.494133	180.70	27.645399	84.494156	181.8	11011
100_101_G	2024-05-29	02:30:01	2730.2746	0	0.0191	0.0025	2731.4949	7.4	-1.9	1.8036	-0.0346	0.0006	0.2431	-1.4295	60	0.160	27.645313	84.494133	180.70	27.645399	84.494156	181.8	11011
100_101_G	2024-05-29	02:31:01	2730.2758	0	0.0131	0.0017	2731.4952	9.4	-2.4	1.8092	-0.0347	0.0010	0.2437	-1.4295	60	0.160	27.645313	84.494133	180.70	27.645399	84.494156	181.8	11011
106_100_G	2024-05-29	03:57:16	2738.0103	0	0.0580	0.0075	2739.2237	2.5	-3.2	1.8635	-0.0354	0.0003	0.2512	-1.4295	60	0.162	27.500492	84.262009	157.50	27.500492	84.262009	157.5	11011
106_100_G	2024-05-29	03:58:16	2738.0084	0	0.0207	0.0027	2739.2219	4.7	-7.6	1.8619	-0.0353	0.0009	0.2504	-1.4295	60	0.162	27.500492	84.262009	157.50	27.500492	84.262009	157.5	11011
106_100_G	2024-05-29	03:59:16	2738.0058	0	0.0212	0.0027	2739.2191	4.7	-9.5	1.8560	-0.0352	0.0012	0.2501	-1.4295	60	0.162	27.500492	84.262009	157.50	27.500492	84.262009	157.5	11011
106_100_G	2024-05-29	04:00:16	2738.0048	0	0.0231	0.0030	2739.2176	7.3	-9.3	1.8529	-0.0351	0.0016	0.2502	-1.4295	60	0.162	27.500492	84.262009	157.50	27.500492	84.262009	157.5	11011
106_100_G	2024-05-29	04:01:16	2738.0054	0	0.0202	0.0026	2739.2172	9.1	-9.3	1.8639	-0.0349	0.0019	0.2507	-1.4295	60	0.162	27.500492	84.262009	157.50	27.500492	84.262009	157.5	11011
106_101_G	2024-05-29	04:45:55	2729.6632	0	0.0321	0.0041	2730.8609	2.6	-3.7	1.9131	-0.0261	0.0003	0.2576	-1.4295	60	0.160	27.446028	84.315285	161.00	27.446028	84.315285	161.0	11011
106_101_G	2024-05-29	04:46:55	2729.6609	0	0.0215	0.0028	2730.8584	5.4	-4.5	1.9163	-0.0258	0.0009	0.2570	-1.4295	60	0.160	27.446028	84.315285	161.00	27.446028	84.315285	161.0	11011
106_101_G	2024-05-29	04:47:55	2729.6607	0	0.0201	0.0026	2730.8577	8.7	-3.6	1.9146	-0.0255	0.0009	0.2571	-1.4295	60	0.160	27.446028	84.315285	161.00	27.446028	84.315285	161.0	11011
106_101_G	2024-05-29	04:48:55	2729.6604	0	0.0237	0.0031	2730.8566	9.7	-5.3	1.9021	-0.0253	0.0015	0.2571	-1.4295	60	0.160	27.446028	84.315285	161.00	27.446028	84.315285	161.0	11011
106_101_G	2024-05-29	04:49:55	2729.6588	0	0.0277	0.0036	2730.8546	12.0	-5.7	1.9022	-0.0250	0.0021	0.2566	-1.4295	60	0.160	27.446028	84.315285	161.00	27.446028	84.315285	161.0	11011
106_102_G	2024-05-29	05:24:46	2721.2418	0	0.0210	0.0027	2722.4236	1.7	2.0	1.9333	-0.0132	0.0001	0.2607	-1.4295	60	0.160	27.430504	84.423622	218.20	27.430504	84.423622	218.2	11011
106_102_G	2024-05-29	05:25:46	2721.2402	0	0.0171	0.0022	2722.4222	3.5	3.3	1.9255	-0.0128	0.0003	0.2600	-1.4295	60	0.160	27.430504	84.423622	218.20	27.430504	84.423622	218.2	11011
106_102_G	2024-05-29	05:26:46	2721.2409	0	0.0267	0.0034	2722.4224	5.8	1.4	1.9274	-0.0124	0.0005	0.2600	-1.4295	60	0.160	27.430504	84.423622	218.20	27.430504	84.423622	218.2	11011
106_102_G	2024-05-29	05:27:46	2721.2407	0	0.0206	0.0027	2722.4230	6.8	0.3	1.9100	-0.0120	0.0006	0.2586	-1.4295	60	0.160	27.430504	84.423622	218.20	27.430504	84.423622	218.2	11011
106_102_G	2024-05-29	05:28:46	2721.2404	0	0.0216	0.0028	2722.4218	8.3	0.7	1.9093	-0.0116	0.0009	0.2588	-1.4295	60	0.160	27.430504	84.423622	218.20	27.430504	84.423622	218.2	11011
106_101_G	2024-05-29	06:03:41	2729.6672	0	0.0200	0.0026	2730.8312	1.6	0.9	1.9469	0.0035	0.0001	0.2620	-1.4296	60	0.164	27.446005	84.315338	185.60	27.446005	84.315338	185.6	11011
106_101_G	2024-05-29	06:04:41	2729.6660	0	0.0228	0.0029	2730.8296	3.0	0.2	1.9363	0.0040	0.0002	0.2618	-1.4296	60	0.164	27.446005	84.315338	185.60	27.446005	84.315338	185.6	11011
106_101_G	2024-05-29	06:05:41	2729.6645	0	0.0273	0.0035	2730.8286	3.1	0.4	1.9346	0.0045	0.0001	0.2608	-1.4296	60	0.164	27.446005	84.315338	185.60	27.446005	84.315338	185.6	11011
106_101_G	2024-05-29	06:06:41	2729.6621	0	0.0234	0.0030	2730.8263	5.4	-0.6	1.9298	0.0050	0.0004	0.2600	-1.4296	60	0.164	27.446005	84.315338	185.60	27.446005	84.315338	185.6	11011
106_101_G	2024-05-29	06:07:41	2729.6622	0	0.0307	0.0040	2730.8259	7.2	-0.3	1.9220	0.0054	0.0008	0.2596	-1.4296	60	0.164	27.446005	84.315338	185.60	27.446005	84.315338	185.6	11011
106_100_G	2024-05-29	06:38:00	2738.0455	0	0.0279	0.0036	2738.9861	2.7	6.8	3.1897	0.0208	0.0007	0.4675	-1.4296	60	0.162	27.500446	84.262054	166.00	27.500444	84.262047	166.9	11011
106_100_G	2024-05-29	06:39:00	2738.0320	0	0.0202	0.0026	2739.0404	4.6	8.3	2.7838	0.0213	0.0011	0.3989	-1.4296	60	0.162	27.500446	84.262054	166.00	27.500446	84.262047	167.3	11011
106_100_G	2024-05-29	06:40:00	2738.0251	0	0.0459	0.0059	2739.0781	4.7	6.6	2.5112	0.0218	0.0008	0.3540	-1.4296	60	0.162	27.500446	84.262054	166.00	27.500469	84.262054	168.4	11011
106_100_G	2024-05-29	06:41:00	2738.0196	0	0.0185	0.0024	2739.1008	5.1	5.9	2.3490	0.0224	0.0008	0.3252	-1.4296	60	0.162	27.500446	84.262054	166.00	27.500479	84.262085	168.7	11011
106_100_G	2024-05-29	06:42:00	2738.0194	0	0.0187	0.0024	2739.1185	6.0	6.1	2.2224	0.0229	0.0009	0.3067	-1.4296	60	0.162	27.500446	84.262054	166.00	27.500488	84.262093	168.3	11011
106_100_G	2024-05-29	06:44:41	2738.0131	0	0.0435	0.0056	2739.1372	2.1	-4.1	2.0750	0.0243	0.0003	0.2808	-1.4296	60	0.162	27.500446	84.262054	166.00	27.500473	84.262108	163.3	11011
106_100_G	2024-05-29	06:45:41	2738.0127	0	0.0212	0.0027	2739.1408	1.7	-1.2	2.0453	0.0249	0.0001	0.2765	-1.4296	60	0.162	27.500446	84.262054	166.00	27.500473	84.262093	162.3	11011
106_100_G	2024-05-29	06:46:41	2738.0148	0	0.0162	0.0021	2739.1451	2.1	-1.9	2.0320	0.0254	0.0002	0.2737	-1.4296	60	0.162	27.500446	84.262054	166.00	27.500475	84.262093	162.0	11011
106_100_G	2024-05-29	06:47:41	2738.0113	0	0.0229	0.0030	2739.1458	2.9	-3.2	1.9931	0.0260	0.0003	0.2689	-1.4296	60	0.162	27.500446	84.262054	166.00	27.500475	84.262093	161.5	11011
106_100_G	2024-05-29	06:48:41	2738.0120	0	0.0255	0.0033	2739.1476	2.1	-5.5	1.9770	0.0265	0.0003	0.2671	-1.4296	60	0.162	27.500446	84.262054	166.00	27.500475	84.262093	161.0	11011
100_101_G	2024-05-29	08:56:07	2730.2889	0	0.0114	0.0015	2731.3648	-4.9	1.8	1.9374	0.0928	0.0004	0.2605	-1.4297	60	0.160	27.645370	84.494156	184.00	27.645376	84.494156	184.6	11011
100_101_G	2024-05-29	08:57:07	2730.2883	0	0.0163	0.0021	2731.3649	-4.8	3.4	1.9161	0.0932	0.0004	0.2594	-1.4297	60	0.160	27.645370	84.494156	184.00	27.645365	84.494194	179.7	11011
100_101_G	2024-05-29	08:58:07	2730.2902	0	0.0184	0.0024	2731.3661	-2.9	3.5	1.9171	0.0936	0.0004	0.2597	-1.4297	60	0.160	27.645370	84.494156	184.00	27.645365	84.494209	170.9	11011
100_101_G	2024-05-29	08:59:07	2730.2916	0	0.0224	0.0029	2731.3670	-2.1	3.0	1.9332	0.0940	0.0002	0.2601	-1.4297	60	0.160	27.645370	84.494156	184.00	27.645361	84.494194	170.1	11011
100_101_G	2024-05-29	09:00:07	2730.2898	0	0.0179	0.0023	2731.3661	-0.1	3.1	1.9220	0.0944	0.0001	0.2589	-1.4297	60	0.160	27.645370	84.494156	184.00	27.645361	84.494194	170.7	11011
108_100_G	2024-05-29	10:46:30	2681.7717	0	0.0163	0.0021	2682.8231	2.3	2.1	1.9357	0.1180	0.0002	0.2601	-1.4297	60	0.160	27.434202	85.038132	457.40	27.434193	85.038132	457.0	11011
108_100_G	2024-05-29	10:47:30	2681.7736	0	0.0101	0.0013	2682.8248	5.1	3.7	1.9286	0.1180	0.0005	0.2601	-1.4297	60	0.160	27.434202	85.038132	457.40	27.434193	85.038124	456.4	11011
108_100_G	2024-05-29	10:48:30	2681.7744	0	0.0143	0.0018	2682.8261	5.2	4.6	1.9284	0.1180	0.0006	0.2593	-1.4297	60	0.160	27.434202	85.038132	457.40	27.434189	85.038124	455.9	11011
108_100_G	2024-05-29	10:49:30	2681.7746	0	0.0186	0.0024	2682.8274	4.2	5.2	1.9142	0.1180	0.0006	0.2583	-1.4297	60	0.160	27.434202	85.038132	457.40	27.434189	85.038094	455.7	11011
108_100_G	2024-05-29	10:50:30	2681.7738	0	0.0297	0.0038	2682.8275	3.0	5.3	1.9088	0.1180	0.0004	0.2576	-1.4297	60	0.160	27.434202	85.038132	457.40	27.434183	85.038094	455.5	11011
108_101_G	2024-05-29	11:21:24	2677.8119	0	0.0178	0.0023	2678.8637	0.8	1.8	1.9417	0.1156	0.0001	0.2623	-1.4297	60	0.160	27.379461	85.128922	454.30	27.379454	85.128922	453.9	11011
108_101_G	2024-05-29	11:22:24	2677.8100	0	0.0122	0.0016	2678.8627	2.9	2.4	1.9610	0.1154	0.0002	0.2614	-1.4297	60	0.160	27.379461	85.128922	454.30	27.379454	85.128922	453.7	11011
108_101_G	2024-05-29	11:23:24	2677.8107	0	0.0147	0.0019	2678.8644	3.0	1.2	1.9405	0.1153	0.0001	0.2607	-1.4297	60	0.160	27.379461	85.128922	454.30	27.379452	85.128922	453.6	11011
108_101_G	2024-05-29	11:24:24	2677.8102	0	0.0173	0.0022	2678.8637	3.3	1.4	1.9316	0.1151	0.0002	0.2610	-1.4297	60	0.160	27.379461	85.128922	454.30	27.379452	85.128922	453.5	11011
108_101_G	2024-05-29	11:25:24	2677.8093	0	0.0156	0.0020	2678.8639	5.0	-0.2	1.9257	0.1150	0.0004	0.2598	-1.4297	60	0.160	27.379461	85.128922	454.30	27.379448	85.128922	453.4	11011
108_102_G	2024-05-29	12:00:42	2700.6697	0	0.0145	0.0019	2701.7313	-1.4	4.1	1.9433	0.1067	0.0003	0.2611	-1.4298	60	0.160	27.359894	85.258827	290.30	27.359901	85.258827	290.4	11011
108_102_G	2024-05-29	12:01:42	2700.6681	0	0.0165	0.0021	2701.7314	0.2	5.5	1.9300	0.1064	0.0004	0.2596	-1.4298	60	0.160	27.359894	85.258827	290.30	27.359901	85.258827	290.4	11011
108_102_G	2024-05-29	12:02:42	2700.6698	0	0.0189	0.0024	2701.7339	1.7	2.8	1.9301	0.1061	0.0002	0.2594	-1.4298	60	0.160	27.359894	85.258827	290.30	27.359901	85.258827	290.5	11011
108_102_G	2024-05-29	12:03:42	2700.6692	0	0.0190	0.0025	2701.7341	2.5	3.6	1.9063	0.1058	0.0003	0.2588	-1.4298	60	0.160	27.359894	85.258827	290.30	27.359894	85.258827	290.5	11011
108_102_G	2024-05-29	12:04:42	2700.6706	0	0.0183	0.0024	2701.7360	1.7	5.9	1.9197	0.1055	0.0004	0.2585	-1.4298	60	0.160	27.359894	85.258827	290.30	27.359894	85.258827	290.5	11011
108_103_G	2024-05-29	12:29:36	2703.4971	0	0.0204	0.0026	2704.5695	4.5	1.4	1.9134	0.0964	0.0003	0.2607	-1.4298	60	0.160	27.347687	85.354919	281.90	27.347696	85.354919	282.4	11011
108_103_G	2024-05-29	12:30:36	2703.4960	0	0.0176	0.0023	2704.5704	5.2	1.7	1.9323	0.0960	0.0003	0.2591	-1.4298	60	0.160	27.347687	85.354919	281.90	27.347696	85.354919	282.4	11011
108_103_G	2024-05-29	12:31:36	2703.4969	0	0.0175	0.0023	2704.5726	3.6	0.3	1.9201	0.0956	0.0001	0.2583	-1.4298	60	0.160	27.347687	85.354919	281.90	27.347696	85.354919	282.4	11011
108_103_G	2024-05-29	12:32:36	2703.4959	0	0.0161	0.0021	2704.5718	6.8	1.4	1.9098	0.0952	0.0007	0.2581	-1.4298	60	0.160	27.347687	85.354919	281.90	27.347696	85.354919	282.6	11011
108_103_G	2024-05-29	12:33:36	2703.4948	0	0.0171	0.0022	2704.5723	7.0	0.4	1.9202	0.0947	0.0007	0.2569	-1.4298	60	0.160	27.347687	85.354919	281.90	27.347700	85.354919	282.6	11011
108_102_G	2024-05-29	12:58:18	2700.6678	0	0.0165	0.0021	2701.7558	6.8	5.5	1.9010	0.0837	0.0010	0.2571	-1.4298	60	0.160	27.359945	85.258888	264.70	27.359922	85.258865	271.9	11011
108_102_G	2024-05-29	12:59:18	2700.6669	0	0.0156	0.0020	2701.7550	9.1	5.1	1.9165	0.0832	0.0014	0.2570	-1.4298	60	0.160	27.359945	85.258888	264.70	27.359917	85.258888	280.8	11011
108_102_G	2024-05-29	13:00:18	2700.6696	0	0.0147	0.0019	2701.7579	10.0	4.1	1.9187	0.0828	0.0013	0.2574	-1.4298	60	0.160	27.359945	85.258888	264.70	27.359917	85.258888	281.2	11011
108_102_G	2024-05-29	13:01:18	2700.6684	0	0.0200	0.0026	2701.7578	11.0	3.7	1.9029	0.0823	0.0014	0.2567	-1.4298	60	0.160	27.359945	85.258888	264.70	27.359917	85.258888	281.4	11011
108_102_G	2024-05-29	13:02:18	2700.6703	0	0.0192	0.0025	2701.7612	11.2	4.8	1.9059	0.0818	0.0018	0.2554	-1.4298	60	0.160	27.359945	85.258888	264.70	27.359913	85.258888	281.7	11011
108_101_G	2024-05-29	13:37:14	2677.8111	0	0.0245	0.0032	2678.9210	1.6	1.5	1.8841	0.0633	0.0001	0.2564	-1.4298	60	0.160	27.379358	85.128952	457.70	27.379362	85.128952	458.2	11011
108_101_G	2024-05-29	13:38:14	2677.8136	0	0.0181	0.0023	2678.9235	2.9	3.9	1.9075	0.0627	0.0003	0.2569	-1.4298	60	0.160	27.379358	85.128952	457.70	27.379362	85.128952	458.6	11011
108_101_G	2024-05-29	13:39:14	2677.8122	0	0.0171	0.0022	2678.9230	2.7	3.3	1.9109	0.0622	0.0002	0.2566	-1.4298	60	0.160	27.379358	85.128952	457.70	27.379362	85.128952	458.7	11011
108_101_G	2024-05-29	13:40:14	2677.8143	0	0.0229	0.0030	2678.9261	4.3	4.3	1.8990	0.0616	0.0005	0.2559	-1.4298	60	0.160	27.379358	85.128952	457.70	27.379362	85.128952	458.8	11011
108_101_G	2024-05-29	13:41:14	2677.8136	0	0.0172	0.0022	2678.9268	5.6	3.3	1.8909	0.0610	0.0005	0.2551	-1.4298	60	0.160	27.379358	85.128952	457.70	27.379362	85.128952	458.8	11011
108_100_G	2024-05-29	14:12:11	2681.7723	0	0.0235	0.0030	2682.9036	3.8	1.6	1.8982	0.0427	0.0002	0.2556	-1.4298	60	0.160	27.433975	85.038170	471.50	27.433973	85.038239	471.3	11011
108_100_G	2024-05-29	14:13:11	2681.7760	0	0.0174	0.0022	2682.9074	4.0	3.5	1.8900	0.0421	0.0004	0.2559	-1.4298	60	0.160	27.433975	85.038170	471.50	27.433950	85.038246	470.8	11011
108_100_G	2024-05-29	14:14:11	2681.7752	0	0.0192	0.0025	2682.9077	4.3	6.0	1.9003	0.0415	0.0007	0.2552	-1.4298	60	0.160	27.433975	85.038170	471.50	27.433979	85.038208	468.3	11011
108_100_G	2024-05-29	14:15:11	2681.7755	0	0.0149	0.0019	2682.9087	5.9	7.0	1.8815	0.0409	0.0010	0.2547	-1.4298	60	0.160	27.433975	85.038170	471.50	27.433960	85.038208	468.4	11011
108_100_G	2024-05-29	14:16:11	2681.7766	0	0.0146	0.0019	2682.9110	6.2	6.1	1.8894	0.0403	0.0009	0.2543	-1.4298	60	0.160	27.433975	85.038170	471.50	27.434036	85.038200	466.6	11011
108_101_G	2024-05-30	02:01:18	2677.7935	0	0.0517	0.0067	2678.9672	6.9	-1.0	1.8190	0.0101	0.0006	0.2458	-1.4302	60	0.160	27.379452	85.128822	447.10	27.379490	85.128860	450.7	11011
108_101_G	2024-05-30	02:02:18	2677.7900	0	0.0121	0.0016	2678.9638	7.2	-2.3	1.8252	0.0099	0.0006	0.2458	-1.4302	60	0.160	27.379452	85.128822	447.10	27.379505	85.128914	452.5	11011
108_101_G	2024-05-30	02:03:18	2677.7901	0	0.0119	0.0015	2678.9642	9.7	-3.7	1.8282	0.0097	0.0013	0.2451	-1.4302	60	0.160	27.379452	85.128822	447.10	27.379519	85.128914	453.6	11011
108_101_G	2024-05-30	02:04:18	2677.7893	0	0.0156	0.0020	2678.9633	9.0	-3.3	1.8030	0.0095	0.0011	0.2456	-1.4302	60	0.160	27.379452	85.128822	447.10	27.379499	85.128922	454.5	11011
108_101_G	2024-05-30	02:05:18	2677.7884	0	0.0171	0.0022	2678.9638	8.9	-2.3	1.8151	0.0094	0.0011	0.2444	-1.4302	60	0.160	27.379452	85.128822	447.10	27.379499	85.128922	455.6	11011
108_104_G	2024-05-30	02:39:45	2709.3405	0	0.0138	0.0018	2710.5191	3.1	1.2	1.8753	0.0022	0.0002	0.2493	-1.4302	60	0.160	27.304394	85.200310	253.10	27.304394	85.200310	252.9	11011
108_104_G	2024-05-30	02:40:45	2709.3432	0	0.0189	0.0024	2710.5195	4.9	0.4	1.8617	0.0020	0.0003	0.2515	-1.4302	60	0.160	27.304394	85.200310	253.10	27.304394	85.200310	253.0	11011
108_104_G	2024-05-30	02:41:45	2709.3448	0	0.0159	0.0021	2710.5222	4.7	2.0	1.8607	0.0018	0.0003	0.2507	-1.4302	60	0.160	27.304394	85.200310	253.10	27.304394	85.200310	253.1	11011
108_104_G	2024-05-30	02:42:45	2709.3443	0	0.0159	0.0021	2710.5224	7.2	2.9	1.8472	0.0016	0.0007	0.2500	-1.4302	60	0.160	27.304394	85.200310	253.10	27.304394	85.200310	253.1	11011
108_104_G	2024-05-30	02:43:45	2709.3430	0	0.0246	0.0032	2710.5213	7.9	2.6	1.8546	0.0013	0.0007	0.2499	-1.4302	60	0.160	27.304394	85.200310	253.10	27.304394	85.200310	253.2	11011
108_101_G	2024-05-30	03:20:58	8.4348	0	0.0041	0.0005	9.4451	5.6	-0.5	2.9287	-0.0068	0.0004	0.4263	-1.4303	60	0.160	27.379452	85.128975	457.50	27.379473	85.128990	451.7	11011
108_101_G	2024-05-30	03:21:58	8.3698	0	0.0018	0.0002	9.4390	7.5	-3.7	2.5732	-0.0070	0.0009	0.3673	-1.4303	60	0.160	27.379452	85.128975	457.50	27.379463	85.128990	453.4	11011
108_101_G	2024-05-30	03:22:58	427.3177	0	******	164.4830	428.4227	8.9	-3.2	2.3743	-0.0072	0.0011	0.3314	-1.4303	60	0.160	27.379452	85.128975	457.50	27.379448	85.128975	455.6	11011
108_101_G	2024-05-30	03:23:58	2677.7835	0	0.0178	0.0023	2678.9124	8.3	-2.3	2.2237	-0.0074	0.0007	0.3081	-1.4303	60	0.160	27.379452	85.128975	457.50	27.379423	85.128937	454.9	11011
108_101_G	2024-05-30	03:24:58	2677.7886	0	0.0137	0.0018	2678.9320	8.6	-1.7	2.1218	-0.0077	0.0010	0.2935	-1.4303	60	0.160	27.379452	85.128975	457.50	27.379423	85.128937	453.2	11011
108_101_G	2024-05-30	03:27:46	2677.7919	0	0.0149	0.0019	2678.9591	0.4	0.4	1.9882	-0.0082	0.0001	0.2712	-1.4303	60	0.160	27.379404	85.128922	453.30	27.379433	85.128952	448.4	11011
108_101_G	2024-05-30	03:28:46	2677.7937	0	0.0139	0.0018	2678.9651	-0.1	1.7	1.9684	-0.0084	0.0001	0.2671	-1.4303	60	0.160	27.379404	85.128922	453.30	27.379454	85.128975	447.9	11011
108_101_G	2024-05-30	03:29:46	2677.7928	0	0.0146	0.0019	2678.9675	1.6	-2.4	1.9463	-0.0086	0.0002	0.2640	-1.4303	60	0.160	27.379404	85.128922	453.30	27.379444	85.128975	448.9	11011
108_101_G	2024-05-30	03:30:46	2677.7915	0	0.0152	0.0020	2678.9687	2.7	-4.2	1.9332	-0.0088	0.0004	0.2615	-1.4303	60	0.160	27.379404	85.128922	453.30	27.379477	85.129028	447.5	11011
108_101_G	2024-05-30	03:31:46	2677.7898	0	0.0131	0.0017	2678.9687	4.7	-5.1	1.9307	-0.0090	0.0006	0.2598	-1.4303	60	0.160	27.379404	85.128922	453.30	27.379524	85.128998	445.5	11011
108_101_G	2024-05-30	03:34:33	2677.7906	0	0.0173	0.0022	2678.9736	1.9	-4.0	1.9155	-0.0096	0.0003	0.2565	-1.4303	60	0.160	27.379524	85.128937	448.80	27.379534	85.128975	447.3	11011
108_101_G	2024-05-30	03:35:33	2677.7905	0	0.0151	0.0020	2678.9730	2.5	-7.1	1.9041	-0.0098	0.0009	0.2567	-1.4303	60	0.160	27.379524	85.128937	448.80	27.379524	85.128975	446.9	11011
108_101_G	2024-05-30	03:36:33	2677.7900	0	0.0142	0.0018	2678.9731	2.3	-7.6	1.9162	-0.0099	0.0007	0.2565	-1.4303	60	0.160	27.379524	85.128937	448.80	27.379524	85.128975	446.9	11011
108_101_G	2024-05-30	03:37:33	2677.7884	0	0.0164	0.0021	2678.9726	4.7	-7.4	1.9089	-0.0101	0.0007	0.2554	-1.4303	60	0.160	27.379524	85.128937	448.80	27.379524	85.128975	446.7	11011
108_101_G	2024-05-30	03:38:33	2677.7871	0	0.0193	0.0025	2678.9704	4.2	-7.4	1.9031	-0.0103	0.0012	0.2561	-1.4303	60	0.160	27.379524	85.128937	448.80	27.379520	85.128975	446.6	11011
108_105_G	2024-05-30	04:40:04	2692.4365	0	0.0299	0.0039	2693.6265	-0.2	2.3	1.9134	-0.0187	0.0001	0.2588	-1.4303	60	0.160	27.263294	85.276505	332.20	27.263294	85.276505	333.0	11011
108_105_G	2024-05-30	04:41:04	2692.4361	0	0.0200	0.0026	2693.6273	-0.4	1.7	1.8951	-0.0188	0.0001	0.2578	-1.4303	60	0.160	27.263294	85.276505	332.20	27.263290	85.276505	333.1	11011
108_105_G	2024-05-30	04:42:04	2692.4333	0	0.0187	0.0024	2693.6263	0.8	0.2	1.9005	-0.0188	0.0001	0.2561	-1.4303	60	0.160	27.263294	85.276505	332.20	27.263290	85.276505	333.2	11011
108_105_G	2024-05-30	04:43:04	2692.4331	0	0.0171	0.0022	2693.6265	-1.2	0.7	1.9032	-0.0189	0.0001	0.2558	-1.4303	60	0.160	27.263294	85.276505	332.20	27.263285	85.276505	333.5	11011
108_105_G	2024-05-30	04:44:04	2692.4324	0	0.0162	0.0021	2693.6263	-1.8	-0.5	1.8955	-0.0190	0.0001	0.2554	-1.4303	60	0.160	27.263294	85.276505	332.20	27.263285	85.276505	333.6	11011
108_101_G	2024-05-30	05:49:39	2677.7989	0	0.0205	0.0026	2678.9860	5.1	3.9	1.9297	-0.0171	0.0005	0.2598	-1.4303	60	0.160	27.379444	85.128914	453.10	27.379448	85.128922	453.6	11011
108_101_G	2024-05-30	05:50:39	2677.7996	0	0.0144	0.0019	2678.9873	6.8	1.7	1.9291	-0.0169	0.0007	0.2588	-1.4303	60	0.160	27.379444	85.128914	453.10	27.379448	85.128922	453.7	11011
108_101_G	2024-05-30	05:51:39	2677.8002	0	0.0133	0.0017	2678.9875	9.7	1.3	1.9130	-0.0168	0.0011	0.2587	-1.4303	60	0.160	27.379444	85.128914	453.10	27.379448	85.128922	453.6	11011
108_101_G	2024-05-30	05:52:39	2677.8000	0	0.0116	0.0015	2678.9875	10.4	2.6	1.9163	-0.0167	0.0016	0.2580	-1.4303	60	0.160	27.379444	85.128914	453.10	27.379448	85.128922	453.6	11011
108_101_G	2024-05-30	05:53:39	2677.7995	0	0.0146	0.0019	2678.9871	9.8	3.9	1.9165	-0.0165	0.0013	0.2579	-1.4303	60	0.160	27.379444	85.128914	453.10	27.379448	85.128922	453.5	11011
107_111_G	2024-05-30	07:51:57	2713.8284	0	0.0301	0.0039	2714.9780	2.3	1.1	1.9459	0.0181	0.0001	0.2625	-1.4304	60	0.160	27.166235	84.976501	106.10	27.166239	84.976501	106.2	11011
107_111_G	2024-05-30	07:52:57	2713.8229	0	0.0289	0.0037	2714.9729	2.3	-0.6	1.9579	0.0186	0.0001	0.2617	-1.4304	60	0.160	27.166235	84.976501	106.10	27.166239	84.976501	106.5	11011
107_111_G	2024-05-30	07:53:57	2713.8240	0	0.0227	0.0029	2714.9747	2.0	0.2	1.9391	0.0190	0.0001	0.2605	-1.4304	60	0.160	27.166235	84.976501	106.10	27.166235	84.976501	106.8	11011
107_111_G	2024-05-30	07:54:57	2713.8249	0	0.0315	0.0041	2714.9754	1.3	0.5	1.9345	0.0194	0.0001	0.2604	-1.4304	60	0.160	27.166235	84.976501	106.10	27.166235	84.976501	106.9	11011
107_111_G	2024-05-30	07:55:57	2713.8254	0	0.0295	0.0038	2714.9759	1.1	0.6	1.9404	0.0198	0.0001	0.2599	-1.4304	60	0.160	27.166235	84.976501	106.10	27.166235	84.976501	107.0	11011
108_106_G	2024-05-30	08:21:25	2710.0502	0	0.0308	0.0040	2711.1842	12.8	3.0	1.9529	0.0312	0.0020	0.2632	-1.4304	60	0.160	27.160103	85.056099	120.50	27.160103	85.056091	120.8	11011
108_106_G	2024-05-30	08:22:25	2710.0477	0	0.0224	0.0029	2711.1813	15.0	0.8	1.9419	0.0317	0.0028	0.2623	-1.4304	60	0.160	27.160103	85.056099	120.50	27.160103	85.056091	121.3	11011
108_106_G	2024-05-30	08:23:25	2710.0466	0	0.0212	0.0027	2711.1799	17.9	1.8	1.9582	0.0321	0.0037	0.2613	-1.4304	60	0.160	27.160103	85.056099	120.50	27.160103	85.056091	121.6	11011
108_106_G	2024-05-30	08:24:25	2710.0459	0	0.0255	0.0033	2711.1790	16.3	1.4	1.9302	0.0326	0.0033	0.2615	-1.4304	60	0.160	27.160103	85.056099	120.50	27.160099	85.056023	124.7	11011
108_106_G	2024-05-30	08:25:25	2710.0456	0	0.0258	0.0033	2711.1791	17.0	-0.1	1.9231	0.0330	0.0036	0.2603	-1.4304	60	0.160	27.160103	85.056099	120.50	27.160099	85.056023	133.4	11011
108_107_G	2024-05-30	08:59:09	2706.8639	0	0.0339	0.0044	2707.9801	1.4	-0.1	1.9687	0.0487	0.0001	0.2654	-1.4304	60	0.160	27.181808	85.173492	135.30	27.181808	85.173492	135.2	11011
108_107_G	2024-05-30	09:00:09	2706.8660	0	0.0251	0.0032	2707.9814	4.6	-3.0	1.9675	0.0492	0.0005	0.2653	-1.4304	60	0.160	27.181808	85.173492	135.30	27.181808	85.173492	135.3	11011
108_107_G	2024-05-30	09:01:09	2706.8629	0	0.0257	0.0033	2707.9781	5.4	-5.9	1.9453	0.0496	0.0007	0.2648	-1.4304	60	0.160	27.181808	85.173492	135.30	27.181812	85.173492	135.4	11011
108_107_G	2024-05-30	09:02:09	2706.8620	0	0.0266	0.0034	2707.9774	6.6	-7.0	1.9520	0.0501	0.0012	0.2637	-1.4304	60	0.160	27.181808	85.173492	135.30	27.181812	85.173492	135.6	11011
108_107_G	2024-05-30	09:03:09	2706.8597	0	0.0259	0.0033	2707.9747	6.8	-8.0	1.9490	0.0505	0.0013	0.2636	-1.4304	60	0.160	27.181808	85.173492	135.30	27.181812	85.173492	135.8	11011
108_108_G	2024-05-30	09:31:33	2704.9297	0	0.0244	0.0031	2706.0300	-0.3	2.1	1.9809	0.0635	0.0001	0.2665	-1.4305	60	0.160	27.125917	85.349297	117.30	27.125908	85.349289	117.6	11011
108_108_G	2024-05-30	09:32:33	2704.9319	0	0.0313	0.0040	2706.0314	1.7	-1.9	1.9740	0.0640	0.0001	0.2669	-1.4305	60	0.160	27.125917	85.349297	117.30	27.125904	85.349289	118.2	11011
108_108_G	2024-05-30	09:33:33	2704.9287	0	0.0323	0.0042	2706.0287	2.5	-3.2	1.9685	0.0644	0.0002	0.2658	-1.4305	60	0.160	27.125917	85.349297	117.30	27.125910	85.349289	118.4	11011
108_108_G	2024-05-30	09:34:33	2704.9265	0	0.0304	0.0039	2706.0271	2.5	-3.9	1.9686	0.0648	0.0003	0.2649	-1.4305	60	0.160	27.125917	85.349297	117.30	27.125875	85.349289	118.4	11011
108_108_G	2024-05-30	09:35:33	2704.9245	0	0.0280	0.0036	2706.0254	3.5	-4.2	1.9706	0.0652	0.0004	0.2640	-1.4305	60	0.160	27.125917	85.349297	117.30	27.125904	85.349312	118.1	11011
108_107_G	2024-05-30	10:02:56	2706.8632	0	0.0287	0.0037	2707.9547	7.9	-0.8	1.9394	0.0759	0.0008	0.2622	-1.4305	60	0.160	27.181822	85.173492	130.40	27.181828	85.173470	132.8	11011
108_107_G	2024-05-30	10:03:56	2706.8626	0	0.0221	0.0029	2707.9537	10.3	-4.7	1.9357	0.0763	0.0018	0.2612	-1.4305	60	0.160	27.181822	85.173492	130.40	27.181904	85.173470	134.6	11011
108_107_G	2024-05-30	10:04:56	2706.8581	0	0.0198	0.0026	2707.9499	10.9	-5.2	1.9337	0.0767	0.0016	0.2604	-1.4305	60	0.160	27.181822	85.173492	130.40	27.181904	85.173492	136.6	11011
108_107_G	2024-05-30	10:05:56	2706.8582	0	0.0223	0.0029	2707.9487	12.9	-6.8	1.9214	0.0770	0.0025	0.2604	-1.4305	60	0.160	27.181822	85.173492	130.40	27.181871	85.173470	136.6	11011
108_107_G	2024-05-30	10:06:56	2706.8566	0	0.0234	0.0030	2707.9464	13.1	-8.3	1.9264	0.0774	0.0027	0.2605	-1.4305	60	0.160	27.181822	85.173492	130.40	27.181904	85.173439	137.9	11011
108_106_G	2024-05-30	10:32:56	2710.0560	0	0.0344	0.0044	2711.1375	-1.1	-3.1	1.9536	0.0861	0.0002	0.2628	-1.4305	60	0.160	27.160118	85.056053	112.50	27.160118	85.056053	113.1	11011
108_106_G	2024-05-30	10:33:56	2710.0569	0	0.0262	0.0034	2711.1387	0.8	-2.2	1.9516	0.0864	0.0002	0.2621	-1.4305	60	0.160	27.160118	85.056053	112.50	27.160118	85.056053	113.4	11011
108_106_G	2024-05-30	10:34:56	2710.0571	0	0.0258	0.0033	2711.1386	1.5	-1.6	1.9497	0.0867	0.0001	0.2621	-1.4305	60	0.160	27.160118	85.056053	112.50	27.160118	85.056053	113.6	11011
108_106_G	2024-05-30	10:35:56	2710.0574	0	0.0260	0.0034	2711.1391	0.6	-2.0	1.9525	0.0870	0.0001	0.2617	-1.4305	60	0.160	27.160118	85.056053	112.50	27.160118	85.056053	114.1	11011
108_106_G	2024-05-30	10:36:56	2710.0565	0	0.0271	0.0035	2711.1375	2.7	-2.0	1.9366	0.0873	0.0003	0.2619	-1.4305	60	0.160	27.160118	85.056053	112.50	27.160118	85.056053	114.4	11011
107_111_G	2024-05-30	11:01:47	2713.8287	0	0.0259	0.0033	2714.9022	0.6	0.2	1.9598	0.0937	0.0001	0.2632	-1.4305	60	0.160	27.166273	84.976410	110.40	27.166273	84.976410	110.4	11011
107_111_G	2024-05-30	11:02:47	2713.8345	0	0.0221	0.0029	2714.9084	1.9	-0.3	1.9384	0.0939	0.0001	0.2627	-1.4305	60	0.160	27.166273	84.976410	110.40	27.166267	84.976410	110.5	11011
107_111_G	2024-05-30	11:03:47	2713.8309	0	0.0299	0.0039	2714.9065	2.5	-0.6	1.9472	0.0941	0.0001	0.2606	-1.4305	60	0.160	27.166273	84.976410	110.40	27.166267	84.976410	110.7	11011
107_111_G	2024-05-30	11:04:47	2713.8315	0	0.0298	0.0039	2714.9061	2.9	-0.3	1.9452	0.0943	0.0001	0.2614	-1.4305	60	0.160	27.166273	84.976410	110.40	27.166264	84.976410	110.9	11011
107_111_G	2024-05-30	11:05:47	2713.8267	0	0.0231	0.0030	2714.9018	2.3	-0.5	1.9498	0.0945	0.0001	0.2607	-1.4305	60	0.160	27.166273	84.976410	110.40	27.166260	84.976433	111.0	11011
107_111_G	2024-05-30	11:07:35	2713.8329	0	0.0323	0.0042	2714.9082	1.8	0.1	1.9382	0.0949	0.0001	0.2602	-1.4305	60	0.160	27.166260	84.976433	111.00	27.166260	84.976433	111.3	11011
107_111_G	2024-05-30	11:08:35	2713.8433	0	0.0254	0.0033	2714.9178	2.3	1.7	1.9397	0.0951	0.0001	0.2607	-1.4305	60	0.160	27.166260	84.976433	111.00	27.166260	84.976433	111.2	11011
107_111_G	2024-05-30	11:09:35	2713.8370	0	0.0239	0.0031	2714.9113	3.4	2.4	1.9318	0.0953	0.0002	0.2607	-1.4305	60	0.160	27.166260	84.976433	111.00	27.166260	84.976433	111.2	11011
107_111_G	2024-05-30	11:10:35	2713.8301	0	0.0306	0.0039	2714.9046	4.6	1.8	1.9268	0.0955	0.0003	0.2602	-1.4305	60	0.160	27.166260	84.976433	111.00	27.166260	84.976448	111.3	11011
107_111_G	2024-05-30	11:11:35	2713.8283	0	0.0309	0.0040	2714.9035	3.3	0.7	1.9229	0.0957	0.0002	0.2595	-1.4305	60	0.160	27.166260	84.976433	111.00	27.166260	84.976448	111.3	11011
107_111_G	2024-05-30	11:12:58	2713.8279	0	0.0252	0.0032	2714.9026	2.2	1.1	1.9302	0.0960	0.0001	0.2598	-1.4305	60	0.160	27.166260	84.976433	111.00	27.166260	84.976448	111.3	11011
107_111_G	2024-05-30	11:13:58	2713.8324	0	0.0356	0.0046	2714.9073	1.5	0.8	1.9262	0.0961	0.0001	0.2594	-1.4305	60	0.160	27.166260	84.976433	111.00	27.166260	84.976448	111.4	11011
107_111_G	2024-05-30	11:14:58	2713.8343	0	0.0260	0.0034	2714.9097	2.6	0.7	1.9267	0.0963	0.0001	0.2586	-1.4305	60	0.160	27.166260	84.976433	111.00	27.166260	84.976448	111.5	11011
107_111_G	2024-05-30	11:15:58	2713.8288	0	0.0230	0.0030	2714.9053	3.4	2.5	1.9275	0.0965	0.0003	0.2572	-1.4305	60	0.160	27.166260	84.976433	111.00	27.166260	84.976448	111.5	11011
107_111_G	2024-05-30	11:16:58	2713.8389	0	0.0411	0.0053	2714.9141	1.0	2.8	1.9274	0.0967	0.0001	0.2585	-1.4305	60	0.160	27.166260	84.976433	111.00	27.166260	84.976448	111.5	11011
107_111_G	2024-05-30	11:19:50	2713.8303	0	0.0215	0.0028	2714.9044	2.3	2.8	1.9386	0.0971	0.0002	0.2591	-1.4305	60	0.160	27.166260	84.976463	111.40	27.166258	84.976463	111.3	11011
107_111_G	2024-05-30	11:20:50	2713.8368	0	0.0280	0.0036	2714.9104	1.1	3.0	1.9326	0.0973	0.0002	0.2594	-1.4305	60	0.160	27.166260	84.976463	111.40	27.166258	84.976463	111.5	11011
107_111_G	2024-05-30	11:21:50	2713.8312	0	0.0275	0.0035	2714.9049	0.1	2.7	1.9282	0.0975	0.0001	0.2593	-1.4305	60	0.160	27.166260	84.976463	111.40	27.166258	84.976463	111.5	11011
107_111_G	2024-05-30	11:22:50	2713.8315	0	0.0292	0.0038	2714.9054	1.4	2.3	1.9215	0.0976	0.0001	0.2589	-1.4305	60	0.160	27.166260	84.976463	111.40	27.166258	84.976463	111.5	11011
107_111_G	2024-05-30	11:23:50	2713.8292	0	0.0216	0.0028	2714.9025	1.7	2.2	1.9145	0.0978	0.0002	0.2592	-1.4305	60	0.160	27.166260	84.976463	111.40	27.166258	84.976486	111.5	11011
107_119_G	2024-05-30	12:03:33	2718.1010	0	0.0408	0.0053	2719.1692	1.8	2.6	1.9357	0.1006	0.0002	0.2615	-1.4305	60	0.160	27.175133	84.852913	80.00	27.175133	84.852913	80.5	11011
107_119_G	2024-05-30	12:04:33	2718.1005	0	0.0331	0.0043	2719.1685	2.4	3.0	1.9392	0.1006	0.0003	0.2616	-1.4305	60	0.160	27.175133	84.852913	80.00	27.175133	84.852913	80.9	11011
107_119_G	2024-05-30	12:05:33	2718.1007	0	0.0282	0.0036	2719.1701	2.4	3.2	1.9260	0.1006	0.0004	0.2602	-1.4305	60	0.160	27.175133	84.852913	80.00	27.175133	84.852913	81.1	11011
107_119_G	2024-05-30	12:06:33	2718.1000	0	0.0327	0.0042	2719.1708	3.1	2.7	1.9302	0.1006	0.0002	0.2588	-1.4305	60	0.160	27.175133	84.852913	80.00	27.175133	84.852913	81.1	11011
107_119_G	2024-05-30	12:07:33	2718.1008	0	0.0394	0.0051	2719.1708	3.0	3.8	1.9303	0.1006	0.0002	0.2598	-1.4305	60	0.160	27.175133	84.852913	80.00	27.175129	84.852913	81.3	11011
107_111_G	2024-05-30	12:49:43	2713.8275	0	0.0203	0.0026	2714.9054	1.2	1.3	1.9048	0.0963	0.0001	0.2563	-1.4306	60	0.160	27.166267	84.976509	113.30	27.166206	84.976524	110.2	11011
107_111_G	2024-05-30	12:50:43	2713.8284	0	0.0258	0.0033	2714.9061	0.7	1.9	1.8998	0.0962	0.0001	0.2566	-1.4306	60	0.160	27.166267	84.976509	113.30	27.166206	84.976509	107.5	11011
107_111_G	2024-05-30	12:51:43	2713.8270	0	0.0227	0.0029	2714.9051	3.3	3.6	1.9001	0.0960	0.0003	0.2561	-1.4306	60	0.160	27.166267	84.976509	113.30	27.166206	84.976509	107.5	11011
107_111_G	2024-05-30	12:52:43	2713.8269	0	0.0362	0.0047	2714.9056	2.7	3.2	1.8983	0.0958	0.0002	0.2559	-1.4306	60	0.160	27.166267	84.976509	113.30	27.166210	84.976509	107.4	11011
107_111_G	2024-05-30	12:53:43	2713.8291	0	0.0317	0.0041	2714.9085	4.1	3.0	1.8969	0.0956	0.0005	0.2551	-1.4306	60	0.160	27.166267	84.976509	113.30	27.166210	84.976509	107.5	11011
107_111_G	2024-05-30	12:55:35	2713.8309	0	0.0343	0.0044	2714.9113	3.5	3.3	1.8972	0.0952	0.0003	0.2547	-1.4306	60	0.160	27.166210	84.976509	107.40	27.166216	84.976509	107.0	11011
107_111_G	2024-05-30	12:56:35	2713.8311	0	0.0228	0.0029	2714.9114	5.4	4.0	1.8919	0.0950	0.0007	0.2546	-1.4306	60	0.160	27.166210	84.976509	107.40	27.166220	84.976509	107.0	11011
107_111_G	2024-05-30	12:57:35	2713.8300	0	0.0221	0.0029	2714.9104	3.4	3.7	1.8816	0.0948	0.0003	0.2550	-1.4306	60	0.160	27.166210	84.976509	107.40	27.166220	84.976509	107.0	11011
107_111_G	2024-05-30	12:58:35	2713.8316	0	0.0350	0.0045	2714.9131	5.1	5.2	1.8762	0.0946	0.0008	0.2537	-1.4306	60	0.160	27.166210	84.976509	107.40	27.166222	84.976509	107.1	11011
107_111_G	2024-05-30	12:59:35	2713.8324	0	0.0324	0.0042	2714.9151	6.0	5.5	1.8807	0.0943	0.0009	0.2526	-1.4306	60	0.160	27.166210	84.976509	107.40	27.166222	84.976509	107.2	11011
114_100_G	2024-05-30	13:46:50	2717.6689	0	0.0647	0.0084	2718.7716	1.6	-0.3	1.8530	0.0799	0.0001	0.2478	-1.4306	60	0.160	27.032335	85.011688	76.80	27.032316	85.011696	75.4	11011
114_100_G	2024-05-30	13:47:50	2717.6697	0	0.0365	0.0047	2718.7733	0.2	1.1	1.8365	0.0796	0.0001	0.2474	-1.4306	60	0.160	27.032335	85.011688	76.80	27.032291	85.011673	74.1	11011
114_100_G	2024-05-30	13:48:50	2717.6708	0	0.0419	0.0054	2718.7756	0.8	3.5	1.8383	0.0792	0.0002	0.2465	-1.4306	60	0.160	27.032335	85.011688	76.80	27.032320	85.011635	72.6	11011
114_100_G	2024-05-30	13:49:50	2717.6700	0	0.0312	0.0040	2718.7762	0.9	4.0	1.8185	0.0788	0.0002	0.2454	-1.4306	60	0.160	27.032335	85.011688	76.80	27.032339	85.011581	72.4	11011
114_100_G	2024-05-30	13:50:50	2717.6696	0	0.0538	0.0069	2718.7764	2.3	4.9	1.8206	0.0784	0.0004	0.2451	-1.4306	60	0.160	27.032335	85.011688	76.80	27.032333	85.011673	71.4	11011
107_111_G	2024-05-30	14:43:44	2713.8512	0	0.0427	0.0055	2714.7923	4.1	3.9	2.9683	0.0529	0.0004	0.4361	-1.4306	60	0.160	27.166206	84.976433	114.00	27.166216	84.976433	113.5	11011
107_111_G	2024-05-30	14:44:44	2713.8477	0	0.0325	0.0042	2714.8530	6.3	6.3	2.5881	0.0524	0.0009	0.3720	-1.4306	60	0.160	27.166206	84.976433	114.00	27.166216	84.976448	112.6	11011
107_111_G	2024-05-30	14:45:44	2713.8290	0	0.0228	0.0029	2714.8778	4.6	7.4	2.3413	0.0519	0.0009	0.3291	-1.4306	60	0.160	27.166206	84.976433	114.00	27.166216	84.976448	112.5	11011
107_111_G	2024-05-30	14:46:44	2713.8257	0	0.0251	0.0032	2714.9021	6.0	8.6	2.1628	0.0513	0.0014	0.3014	-1.4306	60	0.160	27.166206	84.976433	114.00	27.166222	84.976448	112.4	11011
107_111_G	2024-05-30	14:47:44	2713.8194	0	0.0403	0.0052	2714.9162	7.1	10.2	2.0355	0.0508	0.0018	0.2813	-1.4306	60	0.160	27.166206	84.976433	114.00	27.166222	84.976448	112.3	11011
107_111_G	2024-05-30	14:49:43	2713.8131	0	0.0244	0.0032	2714.9332	1.1	-3.7	1.9054	0.0497	0.0002	0.2606	-1.4306	60	0.160	27.166206	84.976433	114.00	27.166239	84.976486	108.5	11011
107_111_G	2024-05-30	14:50:43	2713.8151	0	0.0347	0.0045	2714.9409	0.2	-1.6	1.8861	0.0491	0.0001	0.2556	-1.4306	60	0.160	27.166206	84.976433	114.00	27.166260	84.976501	109.1	11011
107_111_G	2024-05-30	14:51:43	2713.8192	0	0.0359	0.0046	2714.9511	0.8	-2.0	1.8361	0.0486	0.0001	0.2500	-1.4306	60	0.160	27.166206	84.976433	114.00	27.166267	84.976509	111.8	11011
107_111_G	2024-05-30	14:52:43	2713.8167	0	0.0292	0.0038	2714.9522	1.5	0.7	1.8143	0.0480	0.0001	0.2470	-1.4306	60	0.160	27.166206	84.976433	114.00	27.166277	84.976501	111.3	11011
107_111_G	2024-05-30	14:53:43	2713.8178	0	0.0352	0.0045	2714.9574	1.3	-0.3	1.7899	0.0475	0.0001	0.2435	-1.4306	60	0.160	27.166206	84.976433	114.00	27.166273	84.976486	110.9	11011
113_101_G	2024-05-31	03:39:30	2725.1137	0	0.0298	0.0038	2726.2648	2.5	-1.8	1.8217	0.0340	0.0002	0.2458	-1.4310	60	0.160	27.061665	84.768227	56.60	27.061655	84.768227	57.2	11011
113_101_G	2024-05-31	03:40:30	2725.1125	0	0.0331	0.0043	2726.2642	2.3	0.2	1.8234	0.0336	0.0001	0.2456	-1.4310	60	0.160	27.061665	84.768227	56.60	27.061655	84.768227	57.0	11011
113_101_G	2024-05-31	03:41:30	2725.1138	0	0.0301	0.0039	2726.2668	2.9	-1.1	1.8272	0.0333	0.0001	0.2446	-1.4310	60	0.160	27.061665	84.768227	56.60	27.061655	84.768227	56.9	11011
113_101_G	2024-05-31	03:42:30	2725.1140	0	0.0301	0.0039	2726.2677	2.2	-2.5	1.8168	0.0330	0.0002	0.2442	-1.4310	60	0.160	27.061665	84.768227	56.60	27.061655	84.768227	56.8	11011
113_101_G	2024-05-31	03:43:30	2725.1143	0	0.0349	0.0045	2726.2678	3.3	-2.1	1.8316	0.0326	0.0003	0.2445	-1.4310	60	0.160	27.061665	84.768227	56.60	27.061655	84.768227	56.6	11011
113_100_G	2024-05-31	04:17:46	2727.8699	0	0.0297	0.0038	2729.0299	0.2	-2.0	1.8644	0.0207	0.0001	0.2502	-1.4311	60	0.148	27.085186	84.668182	65.80	27.085201	84.668198	66.4	11011
113_100_G	2024-05-31	04:18:46	2727.8718	0	0.0297	0.0038	2729.0313	1.0	-2.3	1.8527	0.0204	0.0001	0.2512	-1.4311	60	0.148	27.085186	84.668182	65.80	27.085201	84.668198	66.2	11011
113_100_G	2024-05-31	04:19:46	2727.8681	0	0.0253	0.0033	2729.0303	1.0	-1.8	1.8501	0.0200	0.0001	0.2488	-1.4311	60	0.148	27.085186	84.668182	65.80	27.085201	84.668198	66.0	11011
113_100_G	2024-05-31	04:20:46	2727.8679	0	0.0231	0.0030	2729.0303	2.4	-1.7	1.8534	0.0196	0.0001	0.2490	-1.4311	60	0.148	27.085186	84.668182	65.80	27.085205	84.668198	66.1	11011
113_100_G	2024-05-31	04:21:46	2727.8773	0	0.0261	0.0034	2729.0391	3.2	-0.7	1.8426	0.0193	0.0002	0.2497	-1.4311	60	0.148	27.085186	84.668182	65.80	27.085205	84.668205	66.0	11011
107_108_G	2024-05-31	05:01:16	2720.3800	0	0.0247	0.0032	2721.5520	4.0	-4.0	1.8735	0.0052	0.0004	0.2535	-1.4311	60	0.150	27.184473	84.727600	95.10	27.184475	84.727638	98.2	11011
107_108_G	2024-05-31	05:02:16	2720.3763	0	0.0272	0.0035	2721.5497	4.6	-4.4	1.8783	0.0049	0.0005	0.2524	-1.4311	60	0.150	27.184473	84.727600	95.10	27.184488	84.727654	99.3	11011
107_108_G	2024-05-31	05:03:16	2720.3783	0	0.0227	0.0029	2721.5514	6.4	-4.7	1.8757	0.0045	0.0007	0.2527	-1.4311	60	0.150	27.184473	84.727600	95.10	27.184504	84.727692	100.8	11011
107_108_G	2024-05-31	05:04:16	2720.3766	0	0.0257	0.0033	2721.5500	7.5	-5.9	1.8681	0.0042	0.0013	0.2522	-1.4311	60	0.150	27.184473	84.727600	95.10	27.184517	84.727707	102.6	11011
107_108_G	2024-05-31	05:05:16	2720.3772	0	0.0305	0.0039	2721.5502	7.8	-8.6	1.8728	0.0039	0.0020	0.2522	-1.4311	60	0.150	27.184473	84.727600	95.10	27.184526	84.727715	103.8	11011
107_107_G	2024-05-31	05:32:33	2723.6756	0	0.0354	0.0046	2724.8534	2.9	-1.7	1.9090	-0.0045	0.0002	0.2576	-1.4311	60	0.150	27.277248	84.676971	146.40	27.277248	84.676971	146.2	11011
107_107_G	2024-05-31	05:33:33	2723.6744	0	0.0188	0.0024	2724.8533	4.3	-0.5	1.9159	-0.0048	0.0002	0.2567	-1.4311	60	0.150	27.277248	84.676971	146.40	27.277248	84.676971	145.9	11011
107_107_G	2024-05-31	05:34:33	2723.6748	0	0.0275	0.0036	2724.8542	5.7	-1.0	1.9050	-0.0051	0.0004	0.2563	-1.4311	60	0.150	27.277248	84.676971	146.40	27.277248	84.676971	145.7	11011
107_107_G	2024-05-31	05:35:33	2723.6748	0	0.0454	0.0059	2724.8549	7.4	-1.1	1.8902	-0.0054	0.0006	0.2558	-1.4311	60	0.150	27.277248	84.676971	146.40	27.277248	84.676971	145.5	11011
107_107_G	2024-05-31	05:36:33	2723.6733	0	0.0552	0.0071	2724.8533	8.1	-2.1	1.8993	-0.0056	0.0010	0.2556	-1.4311	60	0.150	27.277248	84.676971	146.40	27.277248	84.676971	145.3	11011
107_101_G	2024-05-31	06:20:20	2717.2918	0	0.0329	0.0042	2718.4776	5.3	3.1	1.9364	-0.0152	0.0005	0.2601	-1.4311	60	0.150	27.357351	84.607719	224.20	27.357323	84.607735	224.9	11011
107_101_G	2024-05-31	06:21:20	2717.2925	0	0.0272	0.0035	2718.4783	7.4	1.6	1.9344	-0.0153	0.0008	0.2599	-1.4311	60	0.150	27.357351	84.607719	224.20	27.357317	84.607758	225.6	11011
107_101_G	2024-05-31	06:22:20	2717.2921	0	0.0226	0.0029	2718.4786	7.0	2.0	1.9171	-0.0155	0.0007	0.2593	-1.4311	60	0.150	27.357351	84.607719	224.20	27.357304	84.607796	226.6	11011
107_101_G	2024-05-31	06:23:20	2717.2917	0	0.0221	0.0029	2718.4794	7.0	2.6	1.9161	-0.0156	0.0006	0.2584	-1.4311	60	0.150	27.357351	84.607719	224.20	27.357300	84.607811	227.2	11011
107_101_G	2024-05-31	06:24:20	2717.2927	0	0.0242	0.0031	2718.4805	8.6	4.2	1.9197	-0.0158	0.0012	0.2579	-1.4311	60	0.150	27.357351	84.607719	224.20	27.357304	84.607811	227.1	11011
107_100_G	2024-05-31	07:06:05	2709.5692	0	0.0231	0.0030	2710.7546	2.1	-1.2	1.9689	-0.0190	0.0001	0.2646	-1.4311	60	0.150	27.363737	84.517792	278.50	27.363754	84.517792	279.8	11011
107_100_G	2024-05-31	07:07:05	2709.5685	0	0.0225	0.0029	2710.7539	4.2	-0.9	1.9728	-0.0190	0.0003	0.2645	-1.4311	60	0.150	27.363737	84.517792	278.50	27.363754	84.517792	279.8	11011
107_100_G	2024-05-31	07:08:05	2709.5688	0	0.0206	0.0027	2710.7557	4.8	-1.3	1.9522	-0.0190	0.0003	0.2629	-1.4311	60	0.150	27.363737	84.517792	278.50	27.363754	84.517792	279.8	11011
107_100_G	2024-05-31	07:09:05	2709.5672	0	0.0184	0.0024	2710.7537	5.9	-2.5	1.9487	-0.0190	0.0005	0.2631	-1.4311	60	0.150	27.363737	84.517792	278.50	27.363754	84.517792	279.8	11011
107_100_G	2024-05-31	07:10:05	2709.5680	0	0.0223	0.0029	2710.7554	6.8	-1.0	1.9429	-0.0190	0.0006	0.2621	-1.4311	60	0.150	27.363737	84.517792	278.50	27.363754	84.517792	279.8	11011
107_101_G	2024-05-31	07:48:35	2717.2984	0	0.0242	0.0031	2718.4785	2.2	1.6	1.9913	-0.0162	0.0001	0.2670	-1.4312	60	0.150	27.357418	84.607697	217.60	27.357418	84.607697	217.4	11011
107_101_G	2024-05-31	07:49:35	2717.2985	0	0.0249	0.0032	2718.4786	3.6	1.2	1.9722	-0.0160	0.0002	0.2668	-1.4312	60	0.150	27.357418	84.607697	217.60	27.357418	84.607697	217.5	11011
107_101_G	2024-05-31	07:50:35	2717.2990	0	0.0197	0.0025	2718.4802	3.6	1.5	1.9850	-0.0159	0.0003	0.2656	-1.4312	60	0.150	27.357418	84.607697	217.60	27.357418	84.607697	217.5	11011
107_101_G	2024-05-31	07:51:35	2717.2995	0	0.0274	0.0035	2718.4807	4.8	3.0	1.9710	-0.0157	0.0004	0.2653	-1.4312	60	0.150	27.357418	84.607697	217.60	27.357418	84.607697	217.5	11011
107_101_G	2024-05-31	07:52:35	2717.3000	0	0.0268	0.0035	2718.4815	5.3	3.6	1.9532	-0.0156	0.0005	0.2648	-1.4312	60	0.150	27.357418	84.607697	217.60	27.357418	84.607681	217.3	11011
107_107_G	2024-05-31	08:56:45	2723.6799	0	0.0236	0.0030	2724.8459	-1.4	0.1	1.9680	0.0006	0.0001	0.2645	-1.4312	60	0.150	27.277277	84.676933	137.60	27.277285	84.676956	137.7	11011
107_107_G	2024-05-31	08:57:45	2723.6822	0	0.0211	0.0027	2724.8475	-2.6	2.2	1.9683	0.0009	0.0001	0.2648	-1.4312	60	0.150	27.277277	84.676933	137.60	27.277285	84.676956	137.7	11011
107_107_G	2024-05-31	08:58:45	2723.6849	0	0.0263	0.0034	2724.8488	-2.9	3.9	1.9586	0.0013	0.0003	0.2657	-1.4312	60	0.150	27.277277	84.676933	137.60	27.277285	84.676956	137.7	11011
107_107_G	2024-05-31	08:59:45	2723.6847	0	0.0349	0.0045	2724.8501	-4.2	3.2	1.9664	0.0016	0.0004	0.2638	-1.4312	60	0.150	27.277277	84.676933	137.60	27.277287	84.676956	137.7	11011
107_107_G	2024-05-31	09:00:45	2723.6841	0	0.0237	0.0031	2724.8498	-4.1	5.1	1.9631	0.0020	0.0006	0.2630	-1.4312	60	0.150	27.277277	84.676933	137.60	27.277285	84.676956	137.6	11011
107_108_G	2024-05-31	09:24:14	2720.3889	0	0.0211	0.0027	2721.5413	5.0	1.7	1.9897	0.0108	0.0004	0.2677	-1.4312	60	0.150	27.184488	84.727615	97.80	27.184475	84.727615	96.2	11011
107_108_G	2024-05-31	09:25:14	2720.3871	0	0.0215	0.0028	2721.5393	7.1	0.6	1.9869	0.0112	0.0005	0.2674	-1.4312	60	0.150	27.184488	84.727615	97.80	27.184484	84.727600	96.1	11011
107_108_G	2024-05-31	09:26:14	2720.3872	0	0.0214	0.0028	2721.5393	10.5	-1.6	1.9757	0.0116	0.0013	0.2663	-1.4312	60	0.150	27.184488	84.727615	97.80	27.184484	84.727615	95.9	11011
107_108_G	2024-05-31	09:27:14	2720.3856	0	0.0370	0.0048	2721.5368	10.6	-2.2	1.9832	0.0120	0.0013	0.2667	-1.4312	60	0.150	27.184488	84.727615	97.80	27.184484	84.727615	95.4	11011
107_108_G	2024-05-31	09:28:14	2720.3869	0	0.0476	0.0061	2721.5380	12.0	-2.2	1.9798	0.0123	0.0019	0.2660	-1.4312	60	0.150	27.184488	84.727615	97.80	27.184484	84.727615	95.3	11011
113_100_G	2024-05-31	10:05:15	2727.8736	0	0.0436	0.0056	2729.0097	1.7	-5.2	1.9738	0.0278	0.0004	0.2669	-1.4312	60	0.150	27.085129	84.668312	74.40	27.085264	84.668236	72.5	11011
113_100_G	2024-05-31	10:06:15	2727.8789	0	0.0315	0.0041	2729.0153	3.4	-6.7	1.9740	0.0283	0.0007	0.2659	-1.4312	60	0.150	27.085129	84.668312	74.40	27.085278	84.668205	72.4	11011
113_100_G	2024-05-31	10:07:15	2727.8698	0	0.0303	0.0039	2729.0071	4.0	-6.8	1.9745	0.0287	0.0006	0.2646	-1.4312	60	0.150	27.085129	84.668312	74.40	27.085226	84.668198	72.3	11011
113_100_G	2024-05-31	10:08:15	2727.8695	0	0.0339	0.0044	2729.0049	4.4	-7.9	1.9705	0.0291	0.0009	0.2658	-1.4312	60	0.150	27.085129	84.668312	74.40	27.085243	84.668182	72.9	11011
113_100_G	2024-05-31	10:09:15	2727.8710	0	0.0326	0.0042	2729.0063	5.1	-9.0	1.9694	0.0296	0.0014	0.2650	-1.4312	60	0.150	27.085129	84.668312	74.40	27.085215	84.668205	72.9	11011
113_101_G	2024-05-31	10:41:36	2725.1595	0	0.0419	0.0054	2726.0555	2.4	0.7	3.3336	0.0438	0.0001	0.4913	-1.4313	60	0.150	27.061792	84.768150	56.40	27.061775	84.768150	57.4	11011
113_101_G	2024-05-31	10:42:36	2725.1454	0	0.0309	0.0040	2726.1183	2.4	1.6	2.8717	0.0443	0.0002	0.4139	-1.4313	60	0.150	27.061792	84.768150	56.40	27.061707	84.768105	59.6	11011
113_101_G	2024-05-31	10:43:36	2725.1357	0	0.0210	0.0027	2726.1584	3.1	2.9	2.5728	0.0447	0.0003	0.3635	-1.4313	60	0.150	27.061792	84.768150	56.40	27.061707	84.768105	59.9	11011
113_101_G	2024-05-31	10:44:36	2725.1318	0	0.0316	0.0041	2726.1865	3.0	3.0	2.3774	0.0451	0.0003	0.3312	-1.4313	60	0.150	27.061792	84.768150	56.40	27.061707	84.768105	60.1	11011
113_101_G	2024-05-31	10:45:36	2725.1290	0	0.0497	0.0064	2726.2046	2.3	3.2	2.2505	0.0455	0.0002	0.3099	-1.4313	60	0.150	27.061792	84.768150	56.40	27.061703	84.768105	60.4	11011
113_101_G	2024-05-31	10:48:19	2725.1284	0	0.0354	0.0046	2726.2324	-1.9	-1.6	2.0654	0.0467	0.0001	0.2805	-1.4313	60	0.150	27.061659	84.768112	59.30	27.061646	84.768127	59.4	11011
113_101_G	2024-05-31	10:49:19	2725.1281	0	0.0232	0.0030	2726.2369	-1.1	-1.7	2.0344	0.0471	0.0001	0.2752	-1.4313	60	0.150	27.061659	84.768112	59.30	27.061642	84.768127	59.3	11011
113_101_G	2024-05-31	10:50:19	2725.1286	0	0.0189	0.0024	2726.2416	-0.4	-2.5	1.9951	0.0475	0.0001	0.2705	-1.4313	60	0.150	27.061659	84.768112	59.30	27.061646	84.768127	59.3	11011
113_101_G	2024-05-31	10:51:19	2725.1265	0	0.0287	0.0037	2726.2417	-1.4	-1.6	1.9694	0.0480	0.0001	0.2680	-1.4313	60	0.150	27.061659	84.768112	59.30	27.061646	84.768127	59.4	11011
113_101_G	2024-05-31	10:52:19	2725.1276	0	0.0306	0.0040	2726.2444	-1.5	-0.7	1.9665	0.0484	0.0001	0.2660	-1.4313	60	0.150	27.061659	84.768112	59.30	27.061646	84.768150	59.4	11011
114_100_G	2024-05-31	12:03:27	2717.6744	0	0.0357	0.0046	2718.7673	4.9	-0.2	1.9490	0.0742	0.0004	0.2639	-1.4313	60	0.150	27.032330	85.011673	81.10	27.032333	85.011673	81.0	11011
114_100_G	2024-05-31	12:04:27	2717.6735	0	0.0243	0.0031	2718.7670	6.8	-0.7	1.9503	0.0745	0.0005	0.2628	-1.4313	60	0.150	27.032330	85.011673	81.10	27.032335	85.011673	80.9	11011
114_100_G	2024-05-31	12:05:27	2717.6746	0	0.0238	0.0031	2718.7684	5.7	-0.3	1.9417	0.0747	0.0004	0.2624	-1.4313	60	0.150	27.032330	85.011673	81.10	27.032335	85.011673	81.2	11011
114_100_G	2024-05-31	12:06:27	2717.6744	0	0.0289	0.0037	2718.7683	7.2	0.7	1.9500	0.0750	0.0006	0.2618	-1.4313	60	0.150	27.032330	85.011673	81.10	27.032339	85.011673	81.3	11011
114_100_G	2024-05-31	12:07:27	2717.6725	0	0.0328	0.0042	2718.7668	7.0	1.5	1.9373	0.0752	0.0007	0.2610	-1.4313	60	0.150	27.032330	85.011673	81.10	27.032345	85.011650	81.0	11011
114_101_G	2024-05-31	12:46:10	2713.6946	0	0.0538	0.0069	2714.7833	2.4	-1.6	1.9335	0.0827	0.0002	0.2597	-1.4313	60	0.157	27.055393	85.084419	79.70	27.055422	85.084457	79.2	11011
114_101_G	2024-05-31	12:47:10	2713.6955	0	0.0300	0.0039	2714.7841	4.4	-1.7	1.9423	0.0828	0.0003	0.2596	-1.4313	60	0.157	27.055393	85.084419	79.70	27.055412	85.084457	79.1	11011
114_101_G	2024-05-31	12:48:10	2713.6953	0	0.0280	0.0036	2714.7833	6.1	-1.2	1.9304	0.0830	0.0006	0.2598	-1.4313	60	0.157	27.055393	85.084419	79.70	27.055424	85.084473	78.9	11011
114_101_G	2024-05-31	12:49:10	2713.6950	0	0.0692	0.0089	2714.7831	6.2	0.4	1.9203	0.0831	0.0005	0.2595	-1.4313	60	0.157	27.055393	85.084419	79.70	27.055428	85.084473	78.5	11011
114_101_G	2024-05-31	12:50:10	2713.6966	0	0.0381	0.0049	2714.7856	6.1	0.3	1.9156	0.0832	0.0005	0.2585	-1.4313	60	0.157	27.055393	85.084419	79.70	27.055437	85.084473	78.3	11011
114_102_G	2024-05-31	13:33:05	2709.0095	0	0.0253	0.0033	2710.0984	4.7	2.9	1.9079	0.0840	0.0004	0.2581	-1.4314	60	0.157	27.093979	85.190826	93.30	27.093969	85.190826	93.5	11011
114_102_G	2024-05-31	13:34:05	2709.0100	0	0.0256	0.0033	2710.0990	7.1	2.0	1.9149	0.0839	0.0007	0.2576	-1.4314	60	0.157	27.093979	85.190826	93.30	27.093969	85.190834	93.8	11011
114_102_G	2024-05-31	13:35:05	2709.0166	0	0.0420	0.0054	2710.1063	7.7	4.2	1.8839	0.0839	0.0011	0.2567	-1.4314	60	0.157	27.093979	85.190826	93.30	27.093975	85.190834	93.7	11011
114_102_G	2024-05-31	13:36:05	2709.0110	0	0.0323	0.0042	2710.1012	8.1	3.8	1.8939	0.0838	0.0011	0.2563	-1.4314	60	0.157	27.093979	85.190826	93.30	27.093975	85.190834	93.5	11011
114_102_G	2024-05-31	13:37:05	2709.0112	0	0.0280	0.0036	2710.1022	7.6	3.2	1.8891	0.0837	0.0007	0.2559	-1.4314	60	0.157	27.093979	85.190826	93.30	27.093979	85.190834	93.4	11011
114_101_G	2024-05-31	14:43:12	2713.6968	0	0.0256	0.0033	2714.8004	3.1	0.9	1.9162	0.0694	0.0002	0.2583	-1.4314	60	0.157	27.055351	85.084396	73.00	27.055347	85.084396	72.9	11011
114_101_G	2024-05-31	14:44:12	2713.6988	0	0.0221	0.0029	2714.8024	3.6	3.0	1.9181	0.0691	0.0003	0.2585	-1.4314	60	0.157	27.055351	85.084396	73.00	27.055342	85.084396	72.8	11011
114_101_G	2024-05-31	14:45:12	2713.7011	0	0.0439	0.0057	2714.8049	4.6	2.5	1.9064	0.0687	0.0004	0.2585	-1.4314	60	0.157	27.055351	85.084396	73.00	27.055342	85.084396	72.7	11011
114_101_G	2024-05-31	14:46:12	2713.6999	0	0.0457	0.0059	2714.8049	4.9	2.6	1.9003	0.0683	0.0004	0.2576	-1.4314	60	0.157	27.055351	85.084396	73.00	27.055338	85.084396	72.7	11011
114_101_G	2024-05-31	14:47:12	2713.7090	0	0.0288	0.0037	2714.8152	5.1	3.0	1.9063	0.0680	0.0004	0.2568	-1.4314	60	0.157	27.055351	85.084396	73.00	27.055338	85.084396	72.6	11011
114_101_G	2024-05-31	14:49:17	2713.6983	0	0.0262	0.0034	2714.8077	-4.2	0.7	1.8858	0.0672	0.0003	0.2545	-1.4314	60	0.157	27.055338	85.084396	72.50	27.055336	85.084396	72.5	11011
114_101_G	2024-05-31	14:50:17	2713.6988	0	0.0269	0.0035	2714.8091	-3.8	0.0	1.8775	0.0668	0.0002	0.2541	-1.4314	60	0.157	27.055338	85.084396	72.50	27.055328	85.084396	72.3	11011
114_101_G	2024-05-31	14:51:17	2713.7006	0	0.0230	0.0030	2714.8109	-3.8	-1.2	1.8883	0.0665	0.0003	0.2543	-1.4314	60	0.157	27.055338	85.084396	72.50	27.055328	85.084404	72.1	11011
114_101_G	2024-05-31	14:52:17	2713.6990	0	0.0275	0.0036	2714.8107	-4.1	0.5	1.8709	0.0661	0.0002	0.2534	-1.4314	60	0.157	27.055338	85.084396	72.50	27.055326	85.084404	72.0	11011
114_101_G	2024-05-31	14:53:17	2713.6973	0	0.0399	0.0052	2714.8102	-4.6	1.0	1.8802	0.0657	0.0003	0.2525	-1.4314	60	0.157	27.055338	85.084396	72.50	27.055326	85.084404	71.9	11011
114_100_G	2024-05-31	15:26:08	2717.6723	0	0.0323	0.0042	2718.7994	1.8	-0.2	1.8763	0.0515	0.0001	0.2527	-1.4314	60	0.160	27.032402	85.011635	75.40	27.032402	85.011635	75.3	11011
114_100_G	2024-05-31	15:27:08	2717.6720	0	0.0304	0.0039	2718.7999	0.3	0.1	1.8759	0.0510	0.0000	0.2525	-1.4314	60	0.160	27.032402	85.011635	75.40	27.032396	85.011635	75.3	11011
114_100_G	2024-05-31	15:28:08	2717.6728	0	0.0289	0.0037	2718.8022	1.6	0.2	1.8634	0.0505	0.0001	0.2513	-1.4314	60	0.160	27.032402	85.011635	75.40	27.032402	85.011635	75.2	11011
114_100_G	2024-05-31	15:29:08	2717.6731	0	0.0435	0.0056	2718.8040	1.8	-0.0	1.8781	0.0500	0.0001	0.2505	-1.4314	60	0.160	27.032402	85.011635	75.40	27.032402	85.011635	75.2	11011
114_100_G	2024-05-31	15:30:08	2717.6747	0	0.0365	0.0047	2718.8062	0.8	0.3	1.8624	0.0495	0.0001	0.2502	-1.4314	60	0.160	27.032402	85.011635	75.40	27.032402	85.011635	75.2	11011
114_100_G	2024-06-01	02:16:37	2717.6745	0	0.0327	0.0042	2718.7631	2.5	2.7	1.8369	0.0948	0.0002	0.2481	-1.4318	60	0.160	27.032393	85.011650	62.90	27.032396	85.011650	63.1	11011
114_100_G	2024-06-01	02:17:37	2717.6678	0	0.0280	0.0036	2718.7564	7.5	2.2	1.8395	0.0948	0.0009	0.2475	-1.4318	60	0.160	27.032393	85.011650	62.90	27.032396	85.011650	63.2	11011
114_100_G	2024-06-01	02:18:37	2717.6712	0	0.0311	0.0040	2718.7594	7.6	3.7	1.8508	0.0949	0.0009	0.2477	-1.4318	60	0.160	27.032393	85.011650	62.90	27.032396	85.011650	63.5	11011
114_100_G	2024-06-01	02:19:37	2717.6693	0	0.0257	0.0033	2718.7571	8.6	4.0	1.8347	0.0950	0.0010	0.2479	-1.4318	60	0.160	27.032393	85.011650	62.90	27.032387	85.011673	64.4	11011
114_100_G	2024-06-01	02:20:37	2717.6708	0	0.0367	0.0047	2718.7594	9.2	2.8	1.8288	0.0951	0.0010	0.2470	-1.4318	60	0.160	27.032393	85.011650	62.90	27.032381	85.011650	67.3	11011
113_105_G	2024-06-01	03:06:31	2721.2998	0	0.0388	0.0050	2722.3833	3.4	-1.9	1.8900	0.0931	0.0002	0.2551	-1.4318	60	0.160	26.958780	84.967079	58.00	26.958786	84.967079	57.9	11011
113_105_G	2024-06-01	03:07:31	2721.2985	0	0.0286	0.0037	2722.3821	8.3	-2.2	1.8887	0.0929	0.0012	0.2541	-1.4318	60	0.160	26.958780	84.967079	58.00	26.958786	84.967079	58.0	11011
113_105_G	2024-06-01	03:08:31	2721.2969	0	0.0306	0.0040	2722.3803	9.8	-2.7	1.8890	0.0927	0.0013	0.2543	-1.4318	60	0.160	26.958780	84.967079	58.00	26.958790	84.967079	58.0	11011
113_105_G	2024-06-01	03:09:31	2721.2968	0	0.0309	0.0040	2722.3815	8.7	-6.1	1.8757	0.0925	0.0013	0.2532	-1.4318	60	0.160	26.958780	84.967079	58.00	26.958790	84.967079	58.0	11011
113_105_G	2024-06-01	03:10:31	2721.2946	0	0.0484	0.0062	2722.3795	9.6	-4.8	1.8898	0.0924	0.0014	0.2531	-1.4318	60	0.160	26.958780	84.967079	58.00	26.958818	84.967079	57.8	11011
114_106_G	2024-06-01	03:54:51	2718.4638	0	0.0271	0.0035	2719.5577	-1.0	-4.1	1.9043	0.0798	0.0003	0.2578	-1.4318	60	0.160	26.917362	85.060463	48.50	26.917372	85.060478	51.4	11011
114_106_G	2024-06-01	03:55:51	2718.4609	0	0.0286	0.0037	2719.5559	-0.1	-4.1	1.8974	0.0794	0.0002	0.2572	-1.4318	60	0.160	26.917362	85.060463	48.50	26.917387	85.060501	52.9	11011
114_106_G	2024-06-01	03:56:51	2718.4615	0	0.0250	0.0032	2719.5578	0.1	-6.2	1.8995	0.0790	0.0006	0.2560	-1.4318	60	0.160	26.917362	85.060463	48.50	26.917400	85.060516	54.1	11011
114_106_G	2024-06-01	03:57:51	2718.4610	0	0.0278	0.0036	2719.5580	1.7	-5.6	1.9014	0.0786	0.0004	0.2557	-1.4318	60	0.160	26.917362	85.060463	48.50	26.917448	85.060516	55.8	11011
114_106_G	2024-06-01	03:58:51	2718.4596	0	0.0283	0.0037	2719.5573	2.7	-5.6	1.8981	0.0783	0.0005	0.2553	-1.4318	60	0.160	26.917362	85.060463	48.50	26.917458	85.060524	56.5	11011
114_107_G	2024-06-01	05:16:13	2715.4523	0	0.0948	0.0122	2716.5843	0.5	-2.2	1.9338	0.0401	0.0001	0.2595	-1.4319	60	0.160	26.883770	85.179733	69.80	26.883774	85.179733	69.3	11011
114_107_G	2024-06-01	05:17:13	2715.4481	0	0.0253	0.0033	2716.5808	3.6	-4.6	1.9173	0.0396	0.0005	0.2591	-1.4319	60	0.160	26.883770	85.179733	69.80	26.883774	85.179733	69.3	11011
114_107_G	2024-06-01	05:18:13	2715.4476	0	0.0466	0.0060	2716.5818	4.5	-5.6	1.9164	0.0390	0.0006	0.2580	-1.4319	60	0.160	26.883770	85.179733	69.80	26.883776	85.179733	69.6	11011
114_107_G	2024-06-01	05:19:13	2715.4478	0	0.0253	0.0033	2716.5817	6.0	-5.2	1.9143	0.0385	0.0008	0.2587	-1.4319	60	0.160	26.883770	85.179733	69.80	26.883776	85.179733	69.9	11011
114_107_G	2024-06-01	05:20:13	2715.4467	0	0.0407	0.0053	2716.5824	7.7	-5.3	1.9104	0.0379	0.0011	0.2571	-1.4319	60	0.160	26.883770	85.179733	69.80	26.883776	85.179733	70.1	11011
114_106_G	2024-06-01	06:05:21	2718.4654	0	0.0272	0.0035	2719.6213	2.1	2.4	1.9489	0.0133	0.0002	0.2624	-1.4319	60	0.160	26.917377	85.060516	77.80	26.917377	85.060555	69.5	11011
114_106_G	2024-06-01	06:06:21	2718.4623	0	0.0272	0.0035	2719.6187	3.4	0.7	1.9599	0.0128	0.0002	0.2625	-1.4319	60	0.160	26.917377	85.060516	77.80	26.917358	85.060562	66.9	11011
114_106_G	2024-06-01	06:07:21	2718.4632	0	0.0232	0.0030	2719.6205	5.5	0.5	1.9438	0.0123	0.0004	0.2620	-1.4319	60	0.160	26.917377	85.060516	77.80	26.917362	85.060562	67.3	11011
114_106_G	2024-06-01	06:08:21	2718.4645	0	0.0245	0.0032	2719.6224	5.4	0.8	1.9476	0.0117	0.0004	0.2619	-1.4319	60	0.160	26.917377	85.060516	77.80	26.917391	85.060524	63.7	11011
114_106_G	2024-06-01	06:09:21	2718.4619	0	0.0265	0.0034	2719.6220	5.3	1.5	1.9522	0.0112	0.0003	0.2602	-1.4319	60	0.160	26.917377	85.060516	77.80	26.917397	85.060524	63.7	11011
113_105_G	2024-06-01	06:40:27	2721.2961	0	0.0263	0.0034	2722.4694	-1.0	-0.8	1.9533	-0.0040	0.0001	0.2625	-1.4319	60	0.160	26.958752	84.967010	63.70	26.958742	84.967010	64.6	11011
113_105_G	2024-06-01	06:41:27	2721.3003	0	0.0286	0.0037	2722.4737	-2.3	-0.4	1.9459	-0.0045	0.0001	0.2628	-1.4319	60	0.160	26.958752	84.967010	63.70	26.958744	84.967010	64.7	11011
113_105_G	2024-06-01	06:42:27	2721.3030	0	0.0666	0.0086	2722.4777	-1.1	-0.9	1.9486	-0.0049	0.0001	0.2621	-1.4319	60	0.160	26.958752	84.967010	63.70	26.958773	84.967026	65.5	11011
113_105_G	2024-06-01	06:43:27	2721.3024	0	0.0283	0.0037	2722.4768	-2.6	-0.6	1.9536	-0.0054	0.0001	0.2628	-1.4319	60	0.160	26.958752	84.967010	63.70	26.958838	84.967026	68.7	11011
113_105_G	2024-06-01	06:44:27	2721.3022	0	0.0358	0.0046	2722.4775	-2.6	-1.3	1.9520	-0.0059	0.0001	0.2623	-1.4319	60	0.160	26.958752	84.967010	63.70	26.958858	84.967010	71.1	11011
114_100_G	2024-06-01	07:12:57	2717.6709	0	0.0311	0.0040	2718.8566	-0.8	-2.7	1.9603	-0.0175	0.0001	0.2636	-1.4319	60	0.160	27.032393	85.011650	80.00	27.032393	85.011650	79.8	11011
114_100_G	2024-06-01	07:13:57	2717.6806	0	0.0372	0.0048	2718.8669	-0.8	-1.8	1.9760	-0.0179	0.0001	0.2634	-1.4319	60	0.160	27.032393	85.011650	80.00	27.032393	85.011650	79.8	11011
114_100_G	2024-06-01	07:14:57	2717.6694	0	0.0219	0.0028	2718.8571	0.2	1.0	1.9565	-0.0182	0.0001	0.2623	-1.4319	60	0.160	27.032393	85.011650	80.00	27.032396	85.011650	79.9	11011
114_100_G	2024-06-01	07:15:57	2717.6742	0	0.0875	0.0113	2718.8614	0.3	-0.2	1.9704	-0.0186	0.0001	0.2633	-1.4319	60	0.160	27.032393	85.011650	80.00	27.032402	85.011673	74.3	11011
114_100_G	2024-06-01	07:16:57	2717.6718	0	0.0301	0.0039	2718.8599	-0.8	0.7	1.9564	-0.0189	0.0001	0.2627	-1.4319	60	0.160	27.032393	85.011650	80.00	27.032402	85.011673	76.4	11011
114_100_G	2024-06-01	07:18:28	2717.6743	0	0.0239	0.0031	2718.8631	0.7	0.6	1.9523	-0.0195	0.0001	0.2626	-1.4319	60	0.160	27.032391	85.011673	77.00	27.032410	85.011696	76.9	11011
114_100_G	2024-06-01	07:19:28	2717.6749	0	0.0205	0.0026	2718.8628	0.6	1.0	1.9555	-0.0198	0.0001	0.2637	-1.4319	60	0.160	27.032391	85.011673	77.00	27.032450	85.011673	77.3	11011
114_100_G	2024-06-01	07:20:28	2717.6726	0	0.0433	0.0056	2718.8607	0.2	2.0	1.9651	-0.0201	0.0001	0.2639	-1.4319	60	0.160	27.032391	85.011673	77.00	27.032434	85.011688	75.3	11011
114_100_G	2024-06-01	07:21:28	2717.6730	0	0.0396	0.0051	2718.8611	0.9	-0.2	1.9597	-0.0205	0.0001	0.2642	-1.4319	60	0.160	27.032391	85.011673	77.00	27.032431	85.011688	75.5	11011
114_100_G	2024-06-01	07:22:28	2717.6725	0	0.0486	0.0063	2718.8619	1.5	-0.8	1.9577	-0.0208	0.0000	0.2632	-1.4319	60	0.160	27.032391	85.011673	77.00	27.032459	85.011635	72.4	11011
