
# S-000000019030158 260524
GAGB96	1	260524	02.36	2514.8438	0.0797	-1.23	2513.6131	27.685619	85.340332	1292.9
GAGB96	1	260524	02.37	2514.8429	0.0664	-1.23	2513.6153	27.685705	85.340408	1293.2
GAGB96	1	260524	02.38	2514.8421	0.0768	-1.23	2513.6149	27.685501	85.340462	1293.5
GAGB96	1	260524	02.39	2514.8409	0.0831	-1.23	2513.6143	27.685583	85.340134	1294.6
GAGB96	1	260524	02.40	2514.8425	0.0774	-1.23	2513.6164	27.685692	85.340363	1293.3
G108_100_G	2	260524	06.18	2682.7984	0.0396	-1.04	2681.7605	27.434193	85.038124	463.0
G108_100_G	2	260524	06.19	2682.7963	0.0386	-1.04	2681.7584	27.434179	85.038124	462.0
G108_100_G	2	260524	06.20	2682.7974	0.0364	-1.04	2681.7600	27.434179	85.038124	462.0
G108_100_G	2	260524	06.21	2682.7962	0.0376	-1.04	2681.7588	27.434179	85.038124	462.1
G108_100_G	2	260524	06.22	2682.7960	0.0404	-1.04	2681.7590	27.434183	85.038124	462.3
G108_100_G	2	260524	06.24	2682.7943	0.0428	-1.04	2681.7581	27.434195	85.038124	461.8
G108_100_G	2	260524	06.25	2682.7929	0.0468	-1.04	2681.7569	27.434179	85.038132	463.4
G108_100_G	2	260524	06.26	2682.7938	0.0520	-1.03	2681.7590	27.434183	85.038132	461.2
G108_100_G	2	260524	06.27	2682.7939	0.0425	-1.03	2681.7599	27.434179	85.038132	457.9
G108_100_G	2	260524	06.28	2682.7945	0.0388	-1.03	2681.7608	27.434160	85.038147	456.2
GAGB96	1	260524	10.39	2514.7018	0.1234	-1.08	2513.6213	27.685877	85.340363	1296.8
GAGB96	1	260524	10.40	2514.7043	0.1141	-1.08	2513.6223	27.685720	85.340424	1296.3
GAGB96	1	260524	10.41	2514.7042	0.1135	-1.08	2513.6210	27.685740	85.340363	1294.6
GAGB96	1	260524	10.42	2514.7063	0.1034	-1.08	2513.6217	27.685715	85.340401	1293.9
GAGB96	1	260524	10.43	2514.7090	0.0789	-1.09	2513.6229	27.685850	85.340210	1291.3

# S-000000019030158 270524
G108_100_G	2	270524	01.20	2683.0237	0.0428	-1.26	2681.7619	27.434175	85.038017	445.1
G108_100_G	2	270524	01.21	2683.0241	0.0301	-1.26	2681.7637	27.434183	85.038010	446.5
G108_100_G	2	270524	01.22	2683.0254	0.0331	-1.26	2681.7648	27.434195	85.038017	447.1
G108_100_G	2	270524	01.23	2683.0222	0.0372	-1.26	2681.7611	27.434195	85.038017	447.2
G108_100_G	2	270524	01.24	2683.0247	0.0453	-1.26	2681.7633	27.434195	85.038017	447.0
G107_106_G	3	270524	02.09	2647.3595	0.0437	-1.25	2646.1083	27.385700	84.988106	560.2
G107_106_G	3	270524	02.10	2647.3602	0.0532	-1.25	2646.1102	27.385698	84.988106	560.1
G107_106_G	3	270524	02.11	2647.3600	0.0529	-1.25	2646.1101	27.385698	84.988106	560.2
G107_106_G	3	270524	02.12	2647.3600	0.0436	-1.25	2646.1101	27.385695	84.988083	560.3
G107_106_G	3	270524	02.13	2647.3593	0.0682	-1.25	2646.1096	27.385695	84.988083	560.5
G107_110_G	4	270524	03.20	2701.8671	0.0786	-1.19	2700.6773	27.281563	84.991272	302.9
G107_110_G	4	270524	03.21	2701.8709	0.0818	-1.19	2700.6758	27.281530	84.991264	301.3
G107_110_G	4	270524	03.22	2701.8727	0.0742	-1.20	2700.6728	27.281528	84.991272	300.0
G107_110_G	4	270524	03.23	2701.8730	0.0720	-1.20	2700.6720	27.281528	84.991272	299.8
G107_110_G	4	270524	03.24	2701.8749	0.0722	-1.20	2700.6730	27.281519	84.991272	297.9
G107_111_G	5	270524	03.55	2715.0029	0.0684	-1.18	2713.8183	27.166306	84.976547	99.9
G107_111_G	5	270524	03.56	2715.0051	0.0576	-1.18	2713.8208	27.166311	84.976547	100.2
G107_111_G	5	270524	03.57	2715.0036	0.0659	-1.18	2713.8186	27.166307	84.976547	100.3
G107_111_G	5	270524	03.58	2715.0028	0.0642	-1.18	2713.8184	27.166307	84.976547	100.4
G107_111_G	5	270524	03.59	2714.9998	0.0475	-1.18	2713.8158	27.166306	84.976547	100.4
G107_110_G	4	270524	04.32	2701.8330	0.0291	-1.16	2700.6775	27.281521	84.991264	305.8
G107_110_G	4	270524	04.33	2701.8304	0.0303	-1.15	2700.6754	27.281528	84.991249	305.8
G107_110_G	4	270524	04.34	2701.8327	0.0446	-1.15	2700.6778	27.281528	84.991249	305.8
G107_110_G	4	270524	04.35	2701.8282	0.0251	-1.15	2700.6736	27.281528	84.991249	305.7
G107_110_G	4	270524	04.36	2701.8257	0.0327	-1.15	2700.6714	27.281528	84.991249	305.7
G107_106_G	3	270524	05.21	2647.2228	0.0387	-1.12	2646.1054	27.385641	84.988029	566.3
G107_106_G	3	270524	05.22	2647.2232	0.0342	-1.12	2646.1057	27.385641	84.988022	566.4
G107_106_G	3	270524	05.23	2647.2243	0.0377	-1.12	2646.1070	27.385641	84.988022	566.4
G107_106_G	3	270524	05.24	2647.2251	0.0438	-1.12	2646.1091	27.385641	84.988022	566.1
G107_106_G	3	270524	05.25	2647.2249	0.0481	-1.12	2646.1087	27.385641	84.988022	566.1
G108_100_G	2	270524	06.14	2682.8356	0.0389	-1.08	2681.7592	27.434126	85.038033	452.3
G108_100_G	2	270524	06.15	2682.8352	0.0291	-1.08	2681.7593	27.434132	85.038033	452.4
G108_100_G	2	270524	06.16	2682.8353	0.0195	-1.08	2681.7597	27.434132	85.038033	452.5
G108_100_G	2	270524	06.17	2682.8359	0.0256	-1.08	2681.7600	27.434135	85.038033	452.7
G108_100_G	2	270524	06.18	2682.8344	0.0552	-1.08	2681.7592	27.434135	85.038033	452.8

# S-000000019030158 270524
G107_111_G	5	270524	08.08	2714.8436	0.0467	-1.02	2713.8277	27.166245	84.976486	122.1
G107_111_G	5	270524	08.09	2714.8450	0.0566	-1.02	2713.8296	27.166250	84.976486	122.0
G107_111_G	5	270524	08.10	2714.8483	0.0502	-1.02	2713.8329	27.166250	84.976501	121.9
G107_111_G	5	270524	08.11	2714.8449	0.0313	-1.02	2713.8287	27.166258	84.976501	121.5
G107_111_G	5	270524	08.12	2714.8451	0.0470	-1.02	2713.8288	27.166260	84.976501	121.3
G113_102_G	6	270524	08.43	2720.0309	0.0525	-1.01	2719.0207	27.111261	84.923141	83.9
G113_102_G	6	270524	08.44	2720.0292	0.0560	-1.01	2719.0188	27.111259	84.923134	86.1
G113_102_G	6	270524	08.45	2720.0290	0.0460	-1.01	2719.0177	27.111256	84.923134	85.2
G113_102_G	6	270524	08.46	2720.0298	0.0673	-1.01	2719.0179	27.111256	84.923134	85.0
G113_102_G	6	270524	08.47	2720.0286	0.0468	-1.01	2719.0163	27.111256	84.923134	84.9
G113_101_G	7	270524	11.11	2726.2047	0.0768	-1.07	2725.1343	27.061649	84.768227	59.9
G113_101_G	7	270524	11.12	2726.2072	0.0359	-1.07	2725.1349	27.061649	84.768227	60.2
G113_101_G	7	270524	11.13	2726.2101	0.0658	-1.07	2725.1369	27.061649	84.768227	59.9
G113_101_G	7	270524	11.14	2726.2121	0.0567	-1.07	2725.1375	27.061649	84.768227	59.7
G113_101_G	7	270524	11.15	2726.2129	0.0488	-1.08	2725.1364	27.061649	84.768227	59.6
G113_102_G	6	270524	12.40	2720.1674	0.0464	-1.14	2719.0272	27.111246	84.923103	78.8
G113_102_G	6	270524	12.41	2720.1656	0.0524	-1.14	2719.0240	27.111246	84.923103	78.8
G113_102_G	6	270524	12.42	2720.1677	0.0357	-1.14	2719.0238	27.111246	84.923103	78.8
G113_102_G	6	270524	12.43	2720.1685	0.0369	-1.15	2719.0227	27.111250	84.923103	78.6
G113_102_G	6	270524	12.44	2720.1708	0.0406	-1.15	2719.0233	27.111250	84.923103	78.6
G107_111_G	5	270524	13.13	2714.9985	0.0356	-1.17	2713.8300	27.166239	84.976509	107.7
G107_111_G	5	270524	13.14	2714.9972	0.0310	-1.17	2713.8279	27.166239	84.976509	107.9
G107_111_G	5	270524	13.15	2715.0032	0.0365	-1.17	2713.8332	27.166239	84.976509	108.0
G107_111_G	5	270524	13.16	2715.0039	0.0331	-1.17	2713.8322	27.166239	84.976509	108.1
G107_111_G	5	270524	13.17	2715.0037	0.0467	-1.17	2713.8308	27.166245	84.976509	108.2

# S-000000019030158 280524
G108_100_G	2	280524	02.03	2682.9790	0.0194	-1.22	2681.7571	27.434118	85.038010	454.7
G108_100_G	2	280524	02.04	2682.9866	0.0156	-1.23	2681.7584	27.434118	85.037994	454.2
G108_100_G	2	280524	02.05	2682.9922	0.0136	-1.23	2681.7597	27.434107	85.037994	453.8
G108_100_G	2	280524	02.06	2682.9932	0.0180	-1.24	2681.7570	27.434116	85.038010	453.7
G108_100_G	2	280524	02.07	2682.9970	0.0208	-1.24	2681.7582	27.434126	85.038017	453.4
G107_105_G	8	280524	02.31	2693.5575	0.0198	-1.24	2692.3180	27.455528	84.958939	394.9
G107_105_G	8	280524	02.32	2693.5590	0.0206	-1.24	2692.3195	27.455528	84.958916	395.2
G107_105_G	8	280524	02.33	2693.5569	0.0156	-1.24	2692.3165	27.455528	84.958900	395.6
G107_105_G	8	280524	02.34	2693.5575	0.0173	-1.24	2692.3166	27.455551	84.958939	396.7
G107_105_G	8	280524	02.35	2693.5585	0.0154	-1.24	2692.3174	27.455551	84.958939	397.1
G107_103_G	9	280524	02.54	2699.2200	0.0255	-1.24	2697.9842	27.471716	84.881386	340.1
G107_103_G	9	280524	02.55	2699.2201	0.0197	-1.24	2697.9843	27.471716	84.881386	340.0
G107_103_G	9	280524	02.56	2699.2210	0.0246	-1.24	2697.9846	27.471716	84.881386	340.1
G107_103_G	9	280524	02.57	2699.2202	0.0201	-1.24	2697.9838	27.471716	84.881386	340.1
G107_103_G	9	280524	02.58	2699.2219	0.0143	-1.24	2697.9851	27.471720	84.881386	340.2
G107_102_G	10	280524	03.24	2716.8173	0.0112	-1.23	2715.5901	27.541492	84.804047	287.1
G107_102_G	10	280524	03.25	2716.8164	0.0123	-1.23	2715.5888	27.541492	84.804047	287.1
G107_102_G	10	280524	03.26	2716.8179	0.0147	-1.23	2715.5903	27.541492	84.804047	287.1
G107_102_G	10	280524	03.27	2716.8201	0.0130	-1.23	2715.5929	27.541492	84.804047	287.1
G107_102_G	10	280524	03.28	2716.8174	0.0148	-1.23	2715.5896	27.541492	84.804047	287.2
G101_101_G	11	280524	04.10	2725.9650	0.0268	-1.19	2724.7758	27.607929	84.649948	211.6
G101_101_G	11	280524	04.11	2725.9697	0.0152	-1.19	2724.7755	27.607925	84.649933	213.1
G101_101_G	11	280524	04.12	2725.9729	0.0156	-1.20	2724.7743	27.607925	84.649933	213.0
G101_101_G	11	280524	04.13	2725.9753	0.0135	-1.20	2724.7739	27.607925	84.649925	210.5
G101_101_G	11	280524	04.14	2725.9767	0.0157	-1.20	2724.7730	27.607925	84.649933	210.1
G100_101_G	12	280524	05.04	2731.4517	0.0128	-1.18	2730.2756	27.645304	84.494156	186.0
G100_101_G	12	280524	05.05	2731.4508	0.0159	-1.18	2730.2753	27.645300	84.494156	186.2
G100_101_G	12	280524	05.06	2731.4520	0.0148	-1.18	2730.2770	27.645300	84.494156	186.2
G100_101_G	12	280524	05.07	2731.4499	0.0186	-1.18	2730.2749	27.645300	84.494156	186.4
G100_101_G	12	280524	05.08	2731.4482	0.0146	-1.17	2730.2736	27.645300	84.494156	186.3
G101_101_G	11	280524	05.38	2725.9209	0.0304	-1.15	2724.7723	27.607925	84.649925	225.7
G101_101_G	11	280524	05.39	2725.9194	0.0135	-1.15	2724.7706	27.607925	84.649925	225.5
G101_101_G	11	280524	05.40	2725.9192	0.0133	-1.15	2724.7705	27.607925	84.649925	225.5
G101_101_G	11	280524	05.41	2725.9183	0.0192	-1.15	2724.7698	27.607925	84.649925	225.5
G101_101_G	11	280524	05.42	2725.9175	0.0151	-1.15	2724.7695	27.607925	84.649925	225.5
G107_102_G	10	280524	06.14	2716.7140	0.0132	-1.12	2715.5916	27.541391	84.803986	294.1
G107_102_G	10	280524	06.15	2716.7130	0.0159	-1.12	2715.5911	27.541391	84.803986	294.1
G107_102_G	10	280524	06.16	2716.7123	0.0136	-1.12	2715.5906	27.541473	84.804024	298.5
G107_102_G	10	280524	06.17	2716.7119	0.0154	-1.12	2715.5911	27.541473	84.804024	298.5
G107_102_G	10	280524	06.18	2716.7114	0.0152	-1.12	2715.5918	27.541473	84.804024	298.5
G107_103_G	9	280524	06.41	2699.0934	0.0159	-1.10	2697.9903	27.471617	84.881386	324.9
G107_103_G	9	280524	06.42	2699.0918	0.0228	-1.10	2697.9895	27.471617	84.881386	324.9
G107_103_G	9	280524	06.43	2699.0931	0.0217	-1.10	2697.9908	27.471617	84.881386	324.9
G107_103_G	9	280524	06.44	2699.0928	0.0203	-1.10	2697.9909	27.471617	84.881386	324.9
G107_103_G	9	280524	06.45	2699.0938	0.0224	-1.10	2697.9921	27.471617	84.881386	324.9
G107_105_G	8	280524	07.04	2693.4011	0.0160	-1.09	2692.3125	27.455021	84.959259	290.1
G107_105_G	8	280524	07.05	2693.4009	0.0155	-1.09	2692.3131	27.455021	84.959259	290.1
G107_105_G	8	280524	07.06	2693.3997	0.0190	-1.09	2692.3122	27.455265	84.959259	306.8
G107_105_G	8	280524	07.07	2693.4005	0.0145	-1.09	2692.3127	27.455179	84.959221	312.7
G107_105_G	8	280524	07.08	2693.3997	0.0243	-1.09	2692.3126	27.455179	84.959221	312.7
G108_100_G	2	280524	07.28	2682.8384	0.0183	-1.07	2681.7661	27.434179	85.038086	437.9
G108_100_G	2	280524	07.29	2682.8368	0.0127	-1.07	2681.7638	27.434179	85.038086	437.9
G108_100_G	2	280524	07.30	2682.8380	0.0211	-1.07	2681.7658	27.434179	85.038086	437.9
G108_100_G	2	280524	07.31	2682.8387	0.0122	-1.07	2681.7662	27.434179	85.038086	437.9
G108_100_G	2	280524	07.32	2682.8370	0.0137	-1.07	2681.7644	27.434179	85.038086	437.9

# S-000000019030158 280524
G100_101_G	12	280524	11.21	2731.3426	0.0396	-1.05	2730.2903	27.645390	84.494156	170.5
G100_101_G	12	280524	11.22	2731.3424	0.0166	-1.05	2730.2895	27.645390	84.494156	170.5
G100_101_G	12	280524	11.23	2731.3440	0.0140	-1.05	2730.2897	27.645390	84.494156	170.5
G100_101_G	12	280524	11.24	2731.3449	0.0165	-1.06	2730.2888	27.645390	84.494156	170.5
G100_101_G	12	280524	11.25	2731.3458	0.0161	-1.06	2730.2888	27.645390	84.494156	170.5
G100_100_G	13	280524	11.58	2733.4146	0.0182	-1.07	2732.3426	27.579414	84.475410	178.0
G100_100_G	13	280524	11.59	2733.4136	0.2421	-1.07	2732.3405	27.579414	84.475410	178.0
G100_100_G	13	280524	12.00	2733.4168	0.1042	-1.08	2732.3417	27.579414	84.475410	178.0
G100_100_G	13	280524	12.01	2733.4181	0.0672	-1.08	2732.3410	27.579414	84.475410	178.0
G100_100_G	13	280524	12.02	2733.4182	0.0438	-1.08	2732.3395	27.579414	84.475410	178.0
G101_100_G	14	280524	12.37	2725.2835	0.0296	-1.10	2724.1824	27.574789	84.570198	170.8
G101_100_G	14	280524	12.38	2725.2843	0.0261	-1.10	2724.1825	27.574789	84.570198	170.8
G101_100_G	14	280524	12.39	2725.2866	0.0249	-1.10	2724.1842	27.574789	84.570198	170.8
G101_100_G	14	280524	12.40	2725.2891	0.0224	-1.10	2724.1863	27.574789	84.570198	170.8
G101_100_G	14	280524	12.41	2725.2890	0.0263	-1.11	2724.1840	27.574789	84.570198	170.8
G100_100_G	13	280524	13.24	2733.4828	0.0213	-1.13	2732.3518	27.579363	84.475410	160.2
G100_100_G	13	280524	13.25	2733.4817	0.0155	-1.13	2732.3495	27.579363	84.475410	160.2
G100_100_G	13	280524	13.26	2733.4844	0.0194	-1.13	2732.3504	27.579363	84.475410	160.2
G100_100_G	13	280524	13.27	2733.4870	0.0157	-1.14	2732.3515	27.579363	84.475410	160.2
G100_100_G	13	280524	13.28	2733.4886	0.0293	-1.14	2732.3523	27.579363	84.475410	160.2
G100_101_G	12	280524	13.59	2731.4460	0.0349	-1.16	2730.2878	27.645384	84.494286	180.0
G100_101_G	12	280524	14.00	2731.4484	0.0179	-1.16	2730.2894	27.645384	84.494286	180.0
G100_101_G	12	280524	14.01	2731.4501	0.0154	-1.16	2730.2895	27.645384	84.494286	180.0
G100_101_G	12	280524	14.02	2731.4522	0.0292	-1.16	2730.2903	27.645384	84.494286	180.0
G100_101_G	12	280524	14.03	2731.4534	0.0394	-1.16	2730.2916	27.645384	84.494286	180.0

# S-000000019030158 290524
G100_101_G	12	290524	02.27	2731.4986	0.0129	-1.22	2730.2801	27.645313	84.494133	180.7
G100_101_G	12	290524	02.28	2731.4970	0.0142	-1.22	2730.2779	27.645399	84.494156	181.8
G100_101_G	12	290524	02.29	2731.4958	0.0126	-1.22	2730.2755	27.645399	84.494156	181.8
G100_101_G	12	290524	02.30	2731.4949	0.0191	-1.22	2730.2746	27.645399	84.494156	181.8
G100_101_G	12	290524	02.31	2731.4952	0.0131	-1.22	2730.2758	27.645399	84.494156	181.8
G106_100_G	15	290524	03.57	2739.2237	0.0580	-1.21	2738.0103	27.500492	84.262009	157.5
G106_100_G	15	290524	03.58	2739.2219	0.0207	-1.21	2738.0084	27.500492	84.262009	157.5
G106_100_G	15	290524	03.59	2739.2191	0.0212	-1.21	2738.0058	27.500492	84.262009	157.5
G106_100_G	15	290524	04.00	2739.2176	0.0231	-1.21	2738.0048	27.500492	84.262009	157.5
G106_100_G	15	290524	04.01	2739.2172	0.0202	-1.21	2738.0054	27.500492	84.262009	157.5
G106_101_G	16	290524	04.45	2730.8609	0.0321	-1.20	2729.6632	27.446028	84.315285	161.0
G106_101_G	16	290524	04.46	2730.8584	0.0215	-1.20	2729.6609	27.446028	84.315285	161.0
G106_101_G	16	290524	04.47	2730.8577	0.0201	-1.20	2729.6607	27.446028	84.315285	161.0
G106_101_G	16	290524	04.48	2730.8566	0.0237	-1.20	2729.6604	27.446028	84.315285	161.0
G106_101_G	16	290524	04.49	2730.8546	0.0277	-1.20	2729.6588	27.446028	84.315285	161.0
G106_102_G	17	290524	05.24	2722.4236	0.0210	-1.18	2721.2418	27.430504	84.423622	218.2
G106_102_G	17	290524	05.25	2722.4222	0.0171	-1.18	2721.2402	27.430504	84.423622	218.2
G106_102_G	17	290524	05.26	2722.4224	0.0267	-1.18	2721.2409	27.430504	84.423622	218.2
G106_102_G	17	290524	05.27	2722.4230	0.0206	-1.18	2721.2407	27.430504	84.423622	218.2
G106_102_G	17	290524	05.28	2722.4218	0.0216	-1.18	2721.2404	27.430504	84.423622	218.2
G106_101_G	16	290524	06.03	2730.8312	0.0200	-1.16	2729.6672	27.446005	84.315338	185.6
G106_101_G	16	290524	06.04	2730.8296	0.0228	-1.16	2729.6660	27.446005	84.315338	185.6
G106_101_G	16	290524	06.05	2730.8286	0.0273	-1.16	2729.6645	27.446005	84.315338	185.6
G106_101_G	16	290524	06.06	2730.8263	0.0234	-1.16	2729.6621	27.446005	84.315338	185.6
G106_101_G	16	290524	06.07	2730.8259	0.0307	-1.16	2729.6622	27.446005	84.315338	185.6
G106_100_G	15	290524	06.44	2739.1372	0.0435	-1.12	2738.0131	27.500473	84.262108	163.3
G106_100_G	15	290524	06.45	2739.1408	0.0212	-1.13	2738.0127	27.500473	84.262093	162.3
G106_100_G	15	290524	06.46	2739.1451	0.0162	-1.13	2738.0148	27.500475	84.262093	162.0
G106_100_G	15	290524	06.47	2739.1458	0.0229	-1.13	2738.0113	27.500475	84.262093	161.5
G106_100_G	15	290524	06.48	2739.1476	0.0255	-1.14	2738.0120	27.500475	84.262093	161.0
G100_101_G	12	290524	08.56	2731.3648	0.0114	-1.08	2730.2889	27.645376	84.494156	184.6
G100_101_G	12	290524	08.57	2731.3649	0.0163	-1.08	2730.2883	27.645365	84.494194	179.7
G100_101_G	12	290524	08.58	2731.3661	0.0184	-1.08	2730.2902	27.645365	84.494209	170.9
G100_101_G	12	290524	08.59	2731.3670	0.0224	-1.08	2730.2916	27.645361	84.494194	170.1
G100_101_G	12	290524	09.00	2731.3661	0.0179	-1.08	2730.2898	27.645361	84.494194	170.7

# S-000000019030158 290524
G108_100_G	2	290524	10.46	2682.8231	0.0163	-1.05	2681.7717	27.434193	85.038132	457.0
G108_100_G	2	290524	10.47	2682.8248	0.0101	-1.05	2681.7736	27.434193	85.038124	456.4
G108_100_G	2	290524	10.48	2682.8261	0.0143	-1.05	2681.7744	27.434189	85.038124	455.9
G108_100_G	2	290524	10.49	2682.8274	0.0186	-1.05	2681.7746	27.434189	85.038094	455.7
G108_100_G	2	290524	10.50	2682.8275	0.0297	-1.05	2681.7738	27.434183	85.038094	455.5
G108_101_G	18	290524	11.21	2678.8637	0.0178	-1.05	2677.8119	27.379454	85.128922	453.9
G108_101_G	18	290524	11.22	2678.8627	0.0122	-1.05	2677.8100	27.379454	85.128922	453.7
G108_101_G	18	290524	11.23	2678.8644	0.0147	-1.05	2677.8107	27.379452	85.128922	453.6
G108_101_G	18	290524	11.24	2678.8637	0.0173	-1.05	2677.8102	27.379452	85.128922	453.5
G108_101_G	18	290524	11.25	2678.8639	0.0156	-1.05	2677.8093	27.379448	85.128922	453.4
G108_102_G	19	290524	12.00	2701.7313	0.0145	-1.06	2700.6697	27.359901	85.258827	290.4
G108_102_G	19	290524	12.01	2701.7314	0.0165	-1.06	2700.6681	27.359901	85.258827	290.4
G108_102_G	19	290524	12.02	2701.7339	0.0189	-1.06	2700.6698	27.359901	85.258827	290.5
G108_102_G	19	290524	12.03	2701.7341	0.0190	-1.06	2700.6692	27.359894	85.258827	290.5
G108_102_G	19	290524	12.04	2701.7360	0.0183	-1.07	2700.6706	27.359894	85.258827	290.5
G108_103_G	20	290524	12.29	2704.5695	0.0204	-1.07	2703.4971	27.347696	85.354919	282.4
G108_103_G	20	290524	12.30	2704.5704	0.0176	-1.07	2703.4960	27.347696	85.354919	282.4
G108_103_G	20	290524	12.31	2704.5726	0.0175	-1.08	2703.4969	27.347696	85.354919	282.4
G108_103_G	20	290524	12.32	2704.5718	0.0161	-1.08	2703.4959	27.347696	85.354919	282.6
G108_103_G	20	290524	12.33	2704.5723	0.0171	-1.08	2703.4948	27.347700	85.354919	282.6
G108_102_G	19	290524	12.58	2701.7558	0.0165	-1.09	2700.6678	27.359922	85.258865	271.9
G108_102_G	19	290524	12.59	2701.7550	0.0156	-1.09	2700.6669	27.359917	85.258888	280.8
G108_102_G	19	290524	13.00	2701.7579	0.0147	-1.09	2700.6696	27.359917	85.258888	281.2
G108_102_G	19	290524	13.01	2701.7578	0.0200	-1.09	2700.6684	27.359917	85.258888	281.4
G108_102_G	19	290524	13.02	2701.7612	0.0192	-1.09	2700.6703	27.359913	85.258888	281.7
G108_101_G	18	290524	13.37	2678.9210	0.0245	-1.11	2677.8111	27.379362	85.128952	458.2
G108_101_G	18	290524	13.38	2678.9235	0.0181	-1.11	2677.8136	27.379362	85.128952	458.6
G108_101_G	18	290524	13.39	2678.9230	0.0171	-1.11	2677.8122	27.379362	85.128952	458.7
G108_101_G	18	290524	13.40	2678.9261	0.0229	-1.11	2677.8143	27.379362	85.128952	458.8
G108_101_G	18	290524	13.41	2678.9268	0.0172	-1.11	2677.8136	27.379362	85.128952	458.8
G108_100_G	2	290524	14.12	2682.9036	0.0235	-1.13	2681.7723	27.433973	85.038239	471.3
G108_100_G	2	290524	14.13	2682.9074	0.0174	-1.13	2681.7760	27.433950	85.038246	470.8
G108_100_G	2	290524	14.14	2682.9077	0.0192	-1.13	2681.7752	27.433979	85.038208	468.3
G108_100_G	2	290524	14.15	2682.9087	0.0149	-1.13	2681.7755	27.433960	85.038208	468.4
G108_100_G	2	290524	14.16	2682.9110	0.0146	-1.13	2681.7766	27.434036	85.038200	466.6

# S-000000019030158 300524
G108_101_G	18	300524	02.01	2678.9672	0.0517	-1.17	2677.7935	27.379490	85.128860	450.7
G108_101_G	18	300524	02.02	2678.9638	0.0121	-1.17	2677.7900	27.379505	85.128914	452.5
G108_101_G	18	300524	02.03	2678.9642	0.0119	-1.17	2677.7901	27.379519	85.128914	453.6
G108_101_G	18	300524	02.04	2678.9633	0.0156	-1.17	2677.7893	27.379499	85.128922	454.5
G108_101_G	18	300524	02.05	2678.9638	0.0171	-1.18	2677.7884	27.379499	85.128922	455.6
G108_104_G	21	300524	02.39	2710.5191	0.0138	-1.18	2709.3405	27.304394	85.200310	252.9
G108_104_G	21	300524	02.40	2710.5195	0.0189	-1.18	2709.3432	27.304394	85.200310	253.0
G108_104_G	21	300524	02.41	2710.5222	0.0159	-1.18	2709.3448	27.304394	85.200310	253.1
G108_104_G	21	300524	02.42	2710.5224	0.0159	-1.18	2709.3443	27.304394	85.200310	253.1
G108_104_G	21	300524	02.43	2710.5213	0.0246	-1.18	2709.3430	27.304394	85.200310	253.2
G108_101_G	18	300524	03.27	2678.9591	0.0149	-1.17	2677.7919	27.379433	85.128952	448.4
G108_101_G	18	300524	03.28	2678.9651	0.0139	-1.17	2677.7937	27.379454	85.128975	447.9
G108_101_G	18	300524	03.29	2678.9675	0.0146	-1.17	2677.7928	27.379444	85.128975	448.9
G108_101_G	18	300524	03.30	2678.9687	0.0152	-1.18	2677.7915	27.379477	85.129028	447.5
G108_101_G	18	300524	03.31	2678.9687	0.0131	-1.18	2677.7898	27.379524	85.128998	445.5

# S-000000019030158 300524
G108_101_G	18	300524	03.34	2678.9736	0.0173	-1.18	2677.7906	27.379534	85.128975	447.3
G108_101_G	18	300524	03.35	2678.9730	0.0151	-1.18	2677.7905	27.379524	85.128975	446.9
G108_101_G	18	300524	03.36	2678.9731	0.0142	-1.18	2677.7900	27.379524	85.128975	446.9
G108_101_G	18	300524	03.37	2678.9726	0.0164	-1.18	2677.7884	27.379524	85.128975	446.7
G108_101_G	18	300524	03.38	2678.9704	0.0193	-1.18	2677.7871	27.379520	85.128975	446.6
G108_105_G	22	300524	04.40	2693.6265	0.0299	-1.19	2692.4365	27.263294	85.276505	333.0
G108_105_G	22	300524	04.41	2693.6273	0.0200	-1.19	2692.4361	27.263290	85.276505	333.1
G108_105_G	22	300524	04.42	2693.6263	0.0187	-1.19	2692.4333	27.263290	85.276505	333.2
G108_105_G	22	300524	04.43	2693.6265	0.0171	-1.19	2692.4331	27.263285	85.276505	333.5
G108_105_G	22	300524	04.44	2693.6263	0.0162	-1.19	2692.4324	27.263285	85.276505	333.6
G108_101_G	18	300524	05.49	2678.9860	0.0205	-1.19	2677.7989	27.379448	85.128922	453.6
G108_101_G	18	300524	05.50	2678.9873	0.0144	-1.19	2677.7996	27.379448	85.128922	453.7
G108_101_G	18	300524	05.51	2678.9875	0.0133	-1.19	2677.8002	27.379448	85.128922	453.6
G108_101_G	18	300524	05.52	2678.9875	0.0116	-1.19	2677.8000	27.379448	85.128922	453.6
G108_101_G	18	300524	05.53	2678.9871	0.0146	-1.19	2677.7995	27.379448	85.128922	453.5

# S-000000019030158 300524
G107_111_G	5	300524	07.51	2714.9780	0.0301	-1.15	2713.8284	27.166239	84.976501	106.2
G107_111_G	5	300524	07.52	2714.9729	0.0289	-1.15	2713.8229	27.166239	84.976501	106.5
G107_111_G	5	300524	07.53	2714.9747	0.0227	-1.15	2713.8240	27.166235	84.976501	106.8
G107_111_G	5	300524	07.54	2714.9754	0.0315	-1.15	2713.8249	27.166235	84.976501	106.9
G107_111_G	5	300524	07.55	2714.9759	0.0295	-1.15	2713.8254	27.166235	84.976501	107.0
G108_106_G	23	300524	08.21	2711.1842	0.0308	-1.13	2710.0502	27.160103	85.056091	120.8
G108_106_G	23	300524	08.22	2711.1813	0.0224	-1.13	2710.0477	27.160103	85.056091	121.3
G108_106_G	23	300524	08.23	2711.1799	0.0212	-1.13	2710.0466	27.160103	85.056091	121.6
G108_106_G	23	300524	08.24	2711.1790	0.0255	-1.13	2710.0459	27.160099	85.056023	124.7
G108_106_G	23	300524	08.25	2711.1791	0.0258	-1.13	2710.0456	27.160099	85.056023	133.4
G108_107_G	24	300524	08.59	2707.9801	0.0339	-1.12	2706.8639	27.181808	85.173492	135.2
G108_107_G	24	300524	09.00	2707.9814	0.0251	-1.12	2706.8660	27.181808	85.173492	135.3
G108_107_G	24	300524	09.01	2707.9781	0.0257	-1.12	2706.8629	27.181812	85.173492	135.4
G108_107_G	24	300524	09.02	2707.9774	0.0266	-1.12	2706.8620	27.181812	85.173492	135.6
G108_107_G	24	300524	09.03	2707.9747	0.0259	-1.11	2706.8597	27.181812	85.173492	135.8
G108_108_G	25	300524	09.31	2706.0300	0.0244	-1.10	2704.9297	27.125908	85.349289	117.6
G108_108_G	25	300524	09.32	2706.0314	0.0313	-1.10	2704.9319	27.125904	85.349289	118.2
G108_108_G	25	300524	09.33	2706.0287	0.0323	-1.10	2704.9287	27.125910	85.349289	118.4
G108_108_G	25	300524	09.34	2706.0271	0.0304	-1.10	2704.9265	27.125875	85.349289	118.4
G108_108_G	25	300524	09.35	2706.0254	0.0280	-1.10	2704.9245	27.125904	85.349312	118.1
G108_107_G	24	300524	10.02	2707.9547	0.0287	-1.09	2706.8632	27.181828	85.173470	132.8
G108_107_G	24	300524	10.03	2707.9537	0.0221	-1.09	2706.8626	27.181904	85.173470	134.6
G108_107_G	24	300524	10.04	2707.9499	0.0198	-1.09	2706.8581	27.181904	85.173492	136.6
G108_107_G	24	300524	10.05	2707.9487	0.0223	-1.09	2706.8582	27.181871	85.173470	136.6
G108_107_G	24	300524	10.06	2707.9464	0.0234	-1.09	2706.8566	27.181904	85.173439	137.9
G108_106_G	23	300524	10.32	2711.1375	0.0344	-1.08	2710.0560	27.160118	85.056053	113.1
G108_106_G	23	300524	10.33	2711.1387	0.0262	-1.08	2710.0569	27.160118	85.056053	113.4
G108_106_G	23	300524	10.34	2711.1386	0.0258	-1.08	2710.0571	27.160118	85.056053	113.6
G108_106_G	23	300524	10.35	2711.1391	0.0260	-1.08	2710.0574	27.160118	85.056053	114.1
G108_106_G	23	300524	10.36	2711.1375	0.0271	-1.08	2710.0565	27.160118	85.056053	114.4
G107_111_G	5	300524	11.01	2714.9022	0.0259	-1.07	2713.8287	27.166273	84.976410	110.4
G107_111_G	5	300524	11.02	2714.9084	0.0221	-1.07	2713.8345	27.166267	84.976410	110.5
G107_111_G	5	300524	11.03	2714.9065	0.0299	-1.08	2713.8309	27.166267	84.976410	110.7
G107_111_G	5	300524	11.04	2714.9061	0.0298	-1.07	2713.8315	27.166264	84.976410	110.9
G107_111_G	5	300524	11.05	2714.9018	0.0231	-1.08	2713.8267	27.166260	84.976433	111.0

# S-000000019030158 300524
G107_111_G	5	300524	11.19	2714.9044	0.0215	-1.07	2713.8303	27.166258	84.976463	111.3
G107_111_G	5	300524	11.20	2714.9104	0.0280	-1.07	2713.8368	27.166258	84.976463	111.5
G107_111_G	5	300524	11.21	2714.9049	0.0275	-1.07	2713.8312	27.166258	84.976463	111.5
G107_111_G	5	300524	11.22	2714.9054	0.0292	-1.07	2713.8315	27.166258	84.976463	111.5
G107_111_G	5	300524	11.23	2714.9025	0.0216	-1.07	2713.8292	27.166258	84.976486	111.5
G107_119_G	26	300524	12.03	2719.1692	0.0408	-1.07	2718.1010	27.175133	84.852913	80.5
G107_119_G	26	300524	12.04	2719.1685	0.0331	-1.07	2718.1005	27.175133	84.852913	80.9
G107_119_G	26	300524	12.05	2719.1701	0.0282	-1.07	2718.1007	27.175133	84.852913	81.1
G107_119_G	26	300524	12.06	2719.1708	0.0327	-1.07	2718.1000	27.175133	84.852913	81.1
G107_119_G	26	300524	12.07	2719.1708	0.0394	-1.07	2718.1008	27.175129	84.852913	81.3
G107_111_G	5	300524	12.49	2714.9054	0.0203	-1.08	2713.8275	27.166206	84.976524	110.2
G107_111_G	5	300524	12.50	2714.9061	0.0258	-1.08	2713.8284	27.166206	84.976509	107.5
G107_111_G	5	300524	12.51	2714.9051	0.0227	-1.08	2713.8270	27.166206	84.976509	107.5
G107_111_G	5	300524	12.52	2714.9056	0.0362	-1.08	2713.8269	27.166210	84.976509	107.4
G107_111_G	5	300524	12.53	2714.9085	0.0317	-1.08	2713.8291	27.166210	84.976509	107.5

# S-000000019030158 300524
G107_111_G	5	300524	12.55	2714.9113	0.0343	-1.08	2713.8309	27.166216	84.976509	107.0
G107_111_G	5	300524	12.56	2714.9114	0.0228	-1.08	2713.8311	27.166220	84.976509	107.0
G107_111_G	5	300524	12.57	2714.9104	0.0221	-1.08	2713.8300	27.166220	84.976509	107.0
G107_111_G	5	300524	12.58	2714.9131	0.0350	-1.08	2713.8316	27.166222	84.976509	107.1
G107_111_G	5	300524	12.59	2714.9151	0.0324	-1.08	2713.8324	27.166222	84.976509	107.2
G114_100_G	27	300524	13.46	2718.7716	0.0647	-1.10	2717.6689	27.032316	85.011696	75.4
G114_100_G	27	300524	13.47	2718.7733	0.0365	-1.10	2717.6697	27.032291	85.011673	74.1
G114_100_G	27	300524	13.48	2718.7756	0.0419	-1.10	2717.6708	27.032320	85.011635	72.6
G114_100_G	27	300524	13.49	2718.7762	0.0312	-1.11	2717.6700	27.032339	85.011581	72.4
G114_100_G	27	300524	13.50	2718.7764	0.0538	-1.11	2717.6696	27.032333	85.011673	71.4
G107_111_G	5	300524	14.49	2714.9332	0.0244	-1.12	2713.8131	27.166239	84.976486	108.5
G107_111_G	5	300524	14.50	2714.9409	0.0347	-1.13	2713.8151	27.166260	84.976501	109.1
G107_111_G	5	300524	14.51	2714.9511	0.0359	-1.13	2713.8192	27.166267	84.976509	111.8
G107_111_G	5	300524	14.52	2714.9522	0.0292	-1.14	2713.8167	27.166277	84.976501	111.3
G107_111_G	5	300524	14.53	2714.9574	0.0352	-1.14	2713.8178	27.166273	84.976486	110.9

# S-000000019030158 310524
G113_101_G	7	310524	03.39	2726.2648	0.0298	-1.15	2725.1137	27.061655	84.768227	57.2
G113_101_G	7	310524	03.40	2726.2642	0.0331	-1.15	2725.1125	27.061655	84.768227	57.0
G113_101_G	7	310524	03.41	2726.2668	0.0301	-1.15	2725.1138	27.061655	84.768227	56.9
G113_101_G	7	310524	03.42	2726.2677	0.0301	-1.15	2725.1140	27.061655	84.768227	56.8
G113_101_G	7	310524	03.43	2726.2678	0.0349	-1.15	2725.1143	27.061655	84.768227	56.6
G113_100_G	28	310524	04.17	2729.0299	0.0297	-1.16	2727.8699	27.085201	84.668198	66.4
G113_100_G	28	310524	04.18	2729.0313	0.0297	-1.16	2727.8718	27.085201	84.668198	66.2
G113_100_G	28	310524	04.19	2729.0303	0.0253	-1.16	2727.8681	27.085201	84.668198	66.0
G113_100_G	28	310524	04.20	2729.0303	0.0231	-1.16	2727.8679	27.085205	84.668198	66.1
G113_100_G	28	310524	04.21	2729.0391	0.0261	-1.16	2727.8773	27.085205	84.668205	66.0
G107_108_G	29	310524	05.01	2721.5520	0.0247	-1.17	2720.3800	27.184475	84.727638	98.2
G107_108_G	29	310524	05.02	2721.5497	0.0272	-1.17	2720.3763	27.184488	84.727654	99.3
G107_108_G	29	310524	05.03	2721.5514	0.0227	-1.17	2720.3783	27.184504	84.727692	100.8
G107_108_G	29	310524	05.04	2721.5500	0.0257	-1.17	2720.3766	27.184517	84.727707	102.6
G107_108_G	29	310524	05.05	2721.5502	0.0305	-1.17	2720.3772	27.184526	84.727715	103.8
G107_107_G	30	310524	05.32	2724.8534	0.0354	-1.18	2723.6756	27.277248	84.676971	146.2
G107_107_G	30	310524	05.33	2724.8533	0.0188	-1.18	2723.6744	27.277248	84.676971	145.9
G107_107_G	30	310524	05.34	2724.8542	0.0275	-1.18	2723.6748	27.277248	84.676971	145.7
G107_107_G	30	310524	05.35	2724.8549	0.0454	-1.18	2723.6748	27.277248	84.676971	145.5
G107_107_G	30	310524	05.36	2724.8533	0.0552	-1.18	2723.6733	27.277248	84.676971	145.3
G107_101_G	31	310524	06.20	2718.4776	0.0329	-1.19	2717.2918	27.357323	84.607735	224.9
G107_101_G	31	310524	06.21	2718.4783	0.0272	-1.19	2717.2925	27.357317	84.607758	225.6
G107_101_G	31	310524	06.22	2718.4786	0.0226	-1.19	2717.2921	27.357304	84.607796	226.6
G107_101_G	31	310524	06.23	2718.4794	0.0221	-1.19	2717.2917	27.357300	84.607811	227.2
G107_101_G	31	310524	06.24	2718.4805	0.0242	-1.19	2717.2927	27.357304	84.607811	227.1
G107_100_G	32	310524	07.06	2710.7546	0.0231	-1.19	2709.5692	27.363754	84.517792	279.8
G107_100_G	32	310524	07.07	2710.7539	0.0225	-1.19	2709.5685	27.363754	84.517792	279.8
G107_100_G	32	310524	07.08	2710.7557	0.0206	-1.19	2709.5688	27.363754	84.517792	279.8
G107_100_G	32	310524	07.09	2710.7537	0.0184	-1.19	2709.5672	27.363754	84.517792	279.8
G107_100_G	32	310524	07.10	2710.7554	0.0223	-1.19	2709.5680	27.363754	84.517792	279.8
G107_101_G	31	310524	07.48	2718.4785	0.0242	-1.18	2717.2984	27.357418	84.607697	217.4
G107_101_G	31	310524	07.49	2718.4786	0.0249	-1.18	2717.2985	27.357418	84.607697	217.5
G107_101_G	31	310524	07.50	2718.4802	0.0197	-1.18	2717.2990	27.357418	84.607697	217.5
G107_101_G	31	310524	07.51	2718.4807	0.0274	-1.18	2717.2995	27.357418	84.607697	217.5
G107_101_G	31	310524	07.52	2718.4815	0.0268	-1.18	2717.3000	27.357418	84.607681	217.3
G107_107_G	30	310524	08.56	2724.8459	0.0236	-1.17	2723.6799	27.277285	84.676956	137.7
G107_107_G	30	310524	08.57	2724.8475	0.0211	-1.17	2723.6822	27.277285	84.676956	137.7
G107_107_G	30	310524	08.58	2724.8488	0.0263	-1.16	2723.6849	27.277285	84.676956	137.7
G107_107_G	30	310524	08.59	2724.8501	0.0349	-1.17	2723.6847	27.277287	84.676956	137.7
G107_107_G	30	310524	09.00	2724.8498	0.0237	-1.17	2723.6841	27.277285	84.676956	137.6
G107_108_G	29	310524	09.24	2721.5413	0.0211	-1.15	2720.3889	27.184475	84.727615	96.2
G107_108_G	29	310524	09.25	2721.5393	0.0215	-1.15	2720.3871	27.184484	84.727600	96.1
G107_108_G	29	310524	09.26	2721.5393	0.0214	-1.15	2720.3872	27.184484	84.727615	95.9
G107_108_G	29	310524	09.27	2721.5368	0.0370	-1.15	2720.3856	27.184484	84.727615	95.4
G107_108_G	29	310524	09.28	2721.5380	0.0476	-1.15	2720.3869	27.184484	84.727615	95.3
G113_100_G	28	310524	10.05	2729.0097	0.0436	-1.14	2727.8736	27.085264	84.668236	72.5
G113_100_G	28	310524	10.06	2729.0153	0.0315	-1.14	2727.8789	27.085278	84.668205	72.4
G113_100_G	28	310524	10.07	2729.0071	0.0303	-1.14	2727.8698	27.085226	84.668198	72.3
G113_100_G	28	310524	10.08	2729.0049	0.0339	-1.14	2727.8695	27.085243	84.668182	72.9
G113_100_G	28	310524	10.09	2729.0063	0.0326	-1.14	2727.8710	27.085215	84.668205	72.9
G113_101_G	7	310524	10.48	2726.2324	0.0354	-1.10	2725.1284	27.061646	84.768127	59.4
G113_101_G	7	310524	10.49	2726.2369	0.0232	-1.11	2725.1281	27.061642	84.768127	59.3
G113_101_G	7	310524	10.50	2726.2416	0.0189	-1.11	2725.1286	27.061646	84.768127	59.3
G113_101_G	7	310524	10.51	2726.2417	0.0287	-1.12	2725.1265	27.061646	84.768127	59.4
G113_101_G	7	310524	10.52	2726.2444	0.0306	-1.12	2725.1276	27.061646	84.768150	59.4

# S-000000019030158 310524
G114_100_G	27	310524	12.03	2718.7673	0.0357	-1.09	2717.6744	27.032333	85.011673	81.0
G114_100_G	27	310524	12.04	2718.7670	0.0243	-1.09	2717.6735	27.032335	85.011673	80.9
G114_100_G	27	310524	12.05	2718.7684	0.0238	-1.09	2717.6746	27.032335	85.011673	81.2
G114_100_G	27	310524	12.06	2718.7683	0.0289	-1.09	2717.6744	27.032339	85.011673	81.3
G114_100_G	27	310524	12.07	2718.7668	0.0328	-1.09	2717.6725	27.032345	85.011650	81.0
G114_101_G	33	310524	12.46	2714.7833	0.0538	-1.09	2713.6946	27.055422	85.084457	79.2
G114_101_G	33	310524	12.47	2714.7841	0.0300	-1.09	2713.6955	27.055412	85.084457	79.1
G114_101_G	33	310524	12.48	2714.7833	0.0280	-1.09	2713.6953	27.055424	85.084473	78.9
G114_101_G	33	310524	12.49	2714.7831	0.0692	-1.09	2713.6950	27.055428	85.084473	78.5
G114_101_G	33	310524	12.50	2714.7856	0.0381	-1.09	2713.6966	27.055437	85.084473	78.3
G114_102_G	34	310524	13.33	2710.0984	0.0253	-1.09	2709.0095	27.093969	85.190826	93.5
G114_102_G	34	310524	13.34	2710.0990	0.0256	-1.09	2709.0100	27.093969	85.190834	93.8
G114_102_G	34	310524	13.35	2710.1063	0.0420	-1.09	2709.0166	27.093975	85.190834	93.7
G114_102_G	34	310524	13.36	2710.1012	0.0323	-1.09	2709.0110	27.093975	85.190834	93.5
G114_102_G	34	310524	13.37	2710.1022	0.0280	-1.09	2709.0112	27.093979	85.190834	93.4
G114_101_G	33	310524	14.49	2714.8077	0.0262	-1.11	2713.6983	27.055336	85.084396	72.5
G114_101_G	33	310524	14.50	2714.8091	0.0269	-1.11	2713.6988	27.055328	85.084396	72.3
G114_101_G	33	310524	14.51	2714.8109	0.0230	-1.11	2713.7006	27.055328	85.084404	72.1
G114_101_G	33	310524	14.52	2714.8107	0.0275	-1.11	2713.6990	27.055326	85.084404	72.0
G114_101_G	33	310524	14.53	2714.8102	0.0399	-1.11	2713.6973	27.055326	85.084404	71.9
G114_100_G	27	310524	15.26	2718.7994	0.0323	-1.13	2717.6723	27.032402	85.011635	75.3
G114_100_G	27	310524	15.27	2718.7999	0.0304	-1.13	2717.6720	27.032396	85.011635	75.3
G114_100_G	27	310524	15.28	2718.8022	0.0289	-1.13	2717.6728	27.032402	85.011635	75.2
G114_100_G	27	310524	15.29	2718.8040	0.0435	-1.13	2717.6731	27.032402	85.011635	75.2
G114_100_G	27	310524	15.30	2718.8062	0.0365	-1.13	2717.6747	27.032402	85.011635	75.2

# S-000000019030158 010624
G114_100_G	27	010624	02.16	2718.7631	0.0327	-1.09	2717.6745	27.032396	85.011650	63.1
G114_100_G	27	010624	02.17	2718.7564	0.0280	-1.09	2717.6678	27.032396	85.011650	63.2
G114_100_G	27	010624	02.18	2718.7594	0.0311	-1.09	2717.6712	27.032396	85.011650	63.5
G114_100_G	27	010624	02.19	2718.7571	0.0257	-1.09	2717.6693	27.032387	85.011673	64.4
G114_100_G	27	010624	02.20	2718.7594	0.0367	-1.09	2717.6708	27.032381	85.011650	67.3
G113_105_G	35	010624	03.06	2722.3833	0.0388	-1.08	2721.2998	26.958786	84.967079	57.9
G113_105_G	35	010624	03.07	2722.3821	0.0286	-1.08	2721.2985	26.958786	84.967079	58.0
G113_105_G	35	010624	03.08	2722.3803	0.0306	-1.08	2721.2969	26.958790	84.967079	58.0
G113_105_G	35	010624	03.09	2722.3815	0.0309	-1.08	2721.2968	26.958790	84.967079	58.0
G113_105_G	35	010624	03.10	2722.3795	0.0484	-1.08	2721.2946	26.958818	84.967079	57.8
G114_106_G	36	010624	03.54	2719.5577	0.0271	-1.09	2718.4638	26.917372	85.060478	51.4
G114_106_G	36	010624	03.55	2719.5559	0.0286	-1.09	2718.4609	26.917387	85.060501	52.9
G114_106_G	36	010624	03.56	2719.5578	0.0250	-1.10	2718.4615	26.917400	85.060516	54.1
G114_106_G	36	010624	03.57	2719.5580	0.0278	-1.10	2718.4610	26.917448	85.060516	55.8
G114_106_G	36	010624	03.58	2719.5573	0.0283	-1.10	2718.4596	26.917458	85.060524	56.5
G114_107_G	37	010624	05.16	2716.5843	0.0948	-1.13	2715.4523	26.883774	85.179733	69.3
G114_107_G	37	010624	05.17	2716.5808	0.0253	-1.13	2715.4481	26.883774	85.179733	69.3
G114_107_G	37	010624	05.18	2716.5818	0.0466	-1.13	2715.4476	26.883776	85.179733	69.6
G114_107_G	37	010624	05.19	2716.5817	0.0253	-1.13	2715.4478	26.883776	85.179733	69.9
G114_107_G	37	010624	05.20	2716.5824	0.0407	-1.14	2715.4467	26.883776	85.179733	70.1
G114_106_G	36	010624	06.05	2719.6213	0.0272	-1.16	2718.4654	26.917377	85.060555	69.5
G114_106_G	36	010624	06.06	2719.6187	0.0272	-1.16	2718.4623	26.917358	85.060562	66.9
G114_106_G	36	010624	06.07	2719.6205	0.0232	-1.16	2718.4632	26.917362	85.060562	67.3
G114_106_G	36	010624	06.08	2719.6224	0.0245	-1.16	2718.4645	26.917391	85.060524	63.7
G114_106_G	36	010624	06.09	2719.6220	0.0265	-1.16	2718.4619	26.917397	85.060524	63.7
G113_105_G	35	010624	06.40	2722.4694	0.0263	-1.17	2721.2961	26.958742	84.967010	64.6
G113_105_G	35	010624	06.41	2722.4737	0.0286	-1.17	2721.3003	26.958744	84.967010	64.7
G113_105_G	35	010624	06.42	2722.4777	0.0666	-1.17	2721.3030	26.958773	84.967026	65.5
G113_105_G	35	010624	06.43	2722.4768	0.0283	-1.17	2721.3024	26.958838	84.967026	68.7
G113_105_G	35	010624	06.44	2722.4775	0.0358	-1.18	2721.3022	26.958858	84.967010	71.1
G114_100_G	27	010624	07.18	2718.8631	0.0239	-1.19	2717.6743	27.032410	85.011696	76.9
G114_100_G	27	010624	07.19	2718.8628	0.0205	-1.19	2717.6749	27.032450	85.011673	77.3
G114_100_G	27	010624	07.20	2718.8607	0.0433	-1.19	2717.6726	27.032434	85.011688	75.3
G114_100_G	27	010624	07.21	2718.8611	0.0396	-1.19	2717.6730	27.032431	85.011688	75.5
G114_100_G	27	010624	07.22	2718.8619	0.0486	-1.19	2717.6725	27.032459	85.011635	72.4
